10 174
0001011011
0001011101
0001101011
0001101101
0001101110
0001110011
0001110101
0001110110
0010011011
0010011101
0010101011
0010101101
0010101110
0010110011
0010110101
0010110110
0010111001
0010111010
0011001011
0011001101
0011001110
0011010011
0011010101
0011010110
0011011001
0011011010
0011011100
0011100011
0011100101
0011100110
0011101001
0011101010
0011101100
0100011011
0100011101
0100101011
0100101101
0100101110
0100110011
0100110101
0100110110
0100111001
0100111010
0101001011
0101001101
0101001110
0101010011
0101010101
0101010110
0101011001
0101011010
0101011100
0101100011
0101100101
0101100110
0101101001
0101101010
0101101100
0101110001
0101110010
0101110100
0110001011
0110001101
0110001110
0110010011
0110010101
0110010110
0110011001
0110011010
0110011100
0110100011
0110100101
0110100110
0110101001
0110101010
0110101100
0110110001
0110110010
0110110100
0111000101
0111000110
0111001001
0111001010
0111001100
0111010001
0111010010
0111010100
1000101011
1000101101
1000101110
1000110011
1000110101
1000110110
1000111001
1000111010
1001001011
1001001101
1001001110
1001010011
1001010101
1001010110
1001011001
1001011010
1001011100
1001100011
1001100101
1001100110
1001101001
1001101010
1001101100
1001110001
1001110010
1001110100
1010001011
1010001101
1010001110
1010010011
1010010101
1010010110
1010011001
1010011010
1010011100
1010100011
1010100101
1010100110
1010101001
1010101010
1010101100
1010110001
1010110010
1010110100
1011000101
1011000110
1011001001
1011001010
1011001100
1011010001
1011010010
1011010100
1011100010
1011100100
1100010011
1100010101
1100010110
1100011001
1100011010
1100011100
1100100011
1100100101
1100100110
1100101001
1100101010
1100101100
1100110001
1100110010
1100110100
1101000101
1101000110
1101001001
1101001010
1101001100
1101010001
1101010010
1101010100
1101100010
1101100100
1110001001
1110001010
1110001100
1110010001
1110010010
1110010100
1110100010
1110100100
