# Normalized Ixy values (Ixy/nu/log(2)) for all conditions
# nu=6, log(2)=0.693147
#
Pi      Normal            Extreme           Extreme_reverse   Light             Light_reverse     Medium            Medium_reverse    Strong            Strong_reverse    
--------------------------------------------------------------------------------------------------------------------------------------------------------------------------
.002    8.923728E-01      8.195029E-01      8.631786E-01      8.735629E-01      8.992510E-01      8.665254E-01      8.981760E-01      8.524611E-01      8.911481E-01      
.003    8.792846E-01      8.080542E-01      8.491078E-01      8.611047E-01      8.860893E-01      8.542964E-01      8.847084E-01      8.405398E-01      8.771516E-01      
.004    8.648168E-01      7.952036E-01      8.320517E-01      8.470510E-01      8.705046E-01      8.404374E-01      8.689095E-01      8.267652E-01      8.610110E-01      
.005    8.511362E-01      7.835199E-01      8.163937E-01      8.342980E-01      8.561469E-01      8.278593E-01      8.544845E-01      8.146124E-01      8.458223E-01      
.006    8.363558E-01      7.710935E-01      7.983744E-01      8.201291E-01      8.402590E-01      8.138661E-01      8.380786E-01      8.012350E-01      8.296456E-01      
.007    8.211983E-01      7.584651E-01      7.812494E-01      8.057831E-01      8.244350E-01      7.999611E-01      8.219514E-01      7.876489E-01      8.125564E-01      
.008    8.065271E-01      7.464715E-01      7.641217E-01      7.923788E-01      8.093882E-01      7.864633E-01      8.061188E-01      7.742052E-01      7.962356E-01      
.009    7.917890E-01      7.338662E-01      7.456670E-01      7.782656E-01      7.931439E-01      7.727702E-01      7.903831E-01      7.613109E-01      7.799332E-01      
