# Normalized Ixy values (Ixy/nu) for all conditions
# nu=6
#
Pi      Normal            Extreme           Extreme_reverse   Light             Light_reverse     Medium            Medium_reverse    Strong            Strong_reverse    
--------------------------------------------------------------------------------------------------------------------------------------------------------------------------
.004    5.829108E-01      5.366013E-01      5.593920E-01      5.711475E-01      5.862722E-01      5.666838E-01      5.850113E-01      5.575935E-01      5.793847E-01      
.005    5.682932E-01      5.240062E-01      5.430155E-01      5.573642E-01      5.710665E-01      5.530575E-01      5.698267E-01      5.445302E-01      5.636200E-01      
.006    5.521562E-01      5.102370E-01      5.247668E-01      5.418858E-01      5.541502E-01      5.381253E-01      5.524818E-01      5.297677E-01      5.464152E-01      
.007    5.360562E-01      4.963643E-01      5.065605E-01      5.263942E-01      5.373510E-01      5.227128E-01      5.352017E-01      5.149775E-01      5.286292E-01      
.008    5.201195E-01      4.828632E-01      4.888063E-01      5.115632E-01      5.208768E-01      5.079545E-01      5.181737E-01      5.001560E-01      5.112487E-01      
.009    5.041050E-01      4.690513E-01      4.709373E-01      4.963898E-01      5.037348E-01      4.927918E-01      5.016302E-01      4.855385E-01      4.940477E-01      
