# k-mer Transition Probability Table
# Format: kmer prev_event match_prob ins_prob del_prob sub_prob
# prev_event: 0=Match, 1=Insertion, 2=Deletion, 3=Substitution
kmer	prev_event	match_prob	ins_prob	del_prob	sub_prob
AAAA	0	8.458750e-01	2.735000e-03	9.741500e-02	5.397500e-02
AAAA	1	9.016390e-01	0.000000e+00	0.000000e+00	9.836100e-02
AAAA	2	4.431500e-02	0.000000e+00	9.556850e-01	0.000000e+00
AAAA	3	5.177760e-01	2.495100e-02	9.719500e-02	3.600780e-01
AAAC	0	9.478580e-01	2.220800e-02	3.857000e-03	2.607700e-02
AAAC	1	9.787470e-01	0.000000e+00	0.000000e+00	2.125300e-02
AAAC	2	5.156260e-01	0.000000e+00	4.843740e-01	0.000000e+00
AAAC	3	7.252170e-01	1.958200e-02	6.215600e-02	1.930450e-01
AAAG	0	9.355350e-01	1.905400e-02	8.574000e-03	3.683700e-02
AAAG	1	1.000000e+00	0.000000e+00	0.000000e+00	0.000000e+00
AAAG	2	3.790320e-01	0.000000e+00	6.209680e-01	0.000000e+00
AAAG	3	3.289470e-01	2.631600e-02	6.578900e-02	5.789470e-01
AAAT	0	9.086410e-01	2.146400e-02	9.906000e-03	5.998900e-02
AAAT	1	9.777780e-01	0.000000e+00	0.000000e+00	2.222200e-02
AAAT	2	8.159650e-01	0.000000e+00	1.840350e-01	0.000000e+00
AAAT	3	3.557310e-01	2.371500e-02	1.146250e-01	5.059290e-01
AACA	0	9.626860e-01	6.760000e-03	4.615000e-03	2.593900e-02
AACA	1	9.655930e-01	0.000000e+00	0.000000e+00	3.440700e-02
AACA	2	1.043740e-01	0.000000e+00	8.956260e-01	0.000000e+00
AACA	3	5.242300e-01	1.090620e-01	5.921500e-02	3.074930e-01
AACC	0	9.210180e-01	8.944000e-03	1.936200e-02	5.067500e-02
AACC	1	9.660490e-01	0.000000e+00	0.000000e+00	3.395100e-02
AACC	2	8.933100e-02	0.000000e+00	9.106690e-01	0.000000e+00
AACC	3	6.431290e-01	6.681700e-02	4.413200e-02	2.459210e-01
AACG	0	9.309810e-01	1.019700e-02	7.512000e-03	5.131000e-02
AACG	1	9.684100e-01	0.000000e+00	0.000000e+00	3.159000e-02
AACG	2	3.684360e-01	0.000000e+00	6.315640e-01	0.000000e+00
AACG	3	5.459590e-01	7.200000e-02	3.084100e-02	3.512000e-01
AACT	0	9.304540e-01	5.800000e-03	2.385500e-02	3.989100e-02
AACT	1	9.696970e-01	0.000000e+00	0.000000e+00	3.030300e-02
AACT	2	1.766420e-01	0.000000e+00	8.233580e-01	0.000000e+00
AACT	3	4.582700e-01	1.445400e-02	1.318500e-01	3.954250e-01
AAGA	0	9.641360e-01	7.518000e-03	3.819000e-03	2.452700e-02
AAGA	1	9.586780e-01	0.000000e+00	0.000000e+00	4.132200e-02
AAGA	2	3.192380e-01	0.000000e+00	6.807620e-01	0.000000e+00
AAGA	3	5.913960e-01	2.867700e-02	4.667700e-02	3.332500e-01
AAGC	0	9.472090e-01	6.607000e-03	7.965000e-03	3.821900e-02
AAGC	1	9.479170e-01	0.000000e+00	0.000000e+00	5.208300e-02
AAGC	2	2.503770e-01	0.000000e+00	7.496230e-01	0.000000e+00
AAGC	3	5.735900e-01	4.883100e-02	6.464900e-02	3.129300e-01
AAGG	0	9.311200e-01	1.378700e-02	2.189700e-02	3.319700e-02
AAGG	1	9.750540e-01	0.000000e+00	0.000000e+00	2.494600e-02
AAGG	2	2.542570e-01	0.000000e+00	7.457430e-01	0.000000e+00
AAGG	3	6.472140e-01	2.850900e-02	4.669300e-02	2.775840e-01
AAGT	0	9.325740e-01	6.164000e-03	1.817900e-02	4.308400e-02
AAGT	1	9.481870e-01	0.000000e+00	0.000000e+00	5.181300e-02
AAGT	2	2.346280e-01	0.000000e+00	7.653720e-01	0.000000e+00
AAGT	3	6.509230e-01	2.547100e-02	6.077000e-02	2.628360e-01
AATA	0	9.420870e-01	6.358000e-03	8.292000e-03	4.326300e-02
AATA	1	9.470590e-01	0.000000e+00	0.000000e+00	5.294100e-02
AATA	2	1.850190e-01	0.000000e+00	8.149810e-01	0.000000e+00
AATA	3	6.417100e-01	4.340000e-02	4.336500e-02	2.715260e-01
AATC	0	9.726690e-01	1.504000e-03	5.905000e-03	1.992100e-02
AATC	1	8.928570e-01	0.000000e+00	0.000000e+00	1.071430e-01
AATC	2	2.443610e-01	0.000000e+00	7.556390e-01	0.000000e+00
AATC	3	4.547060e-01	9.554000e-03	3.503200e-02	5.007080e-01
AATG	0	9.472690e-01	5.007000e-03	5.354000e-03	4.237000e-02
AATG	1	9.685790e-01	0.000000e+00	0.000000e+00	3.142100e-02
AATG	2	2.872530e-01	0.000000e+00	7.127470e-01	0.000000e+00
AATG	3	5.745710e-01	2.856600e-02	5.503000e-02	3.418330e-01
AATT	0	9.304720e-01	3.902000e-03	2.926600e-02	3.636000e-02
AATT	1	1.000000e+00	0.000000e+00	0.000000e+00	0.000000e+00
AATT	2	6.901000e-02	0.000000e+00	9.309900e-01	0.000000e+00
AATT	3	5.895770e-01	9.772000e-03	1.319220e-01	2.687300e-01
ACAA	0	9.536420e-01	3.371000e-03	1.361800e-02	2.936900e-02
ACAA	1	9.590160e-01	0.000000e+00	0.000000e+00	4.098400e-02
ACAA	2	8.186200e-02	0.000000e+00	9.181380e-01	0.000000e+00
ACAA	3	4.929190e-01	4.026300e-02	7.086100e-02	3.959570e-01
ACAC	0	9.311680e-01	9.071000e-03	2.917400e-02	3.058700e-02
ACAC	1	9.579380e-01	0.000000e+00	0.000000e+00	4.206200e-02
ACAC	2	2.004870e-01	0.000000e+00	7.995130e-01	0.000000e+00
ACAC	3	5.382180e-01	6.211200e-02	8.317200e-02	3.164980e-01
ACAG	0	9.510380e-01	8.468000e-03	1.212100e-02	2.837300e-02
ACAG	1	9.673610e-01	0.000000e+00	0.000000e+00	3.263900e-02
ACAG	2	5.410810e-01	0.000000e+00	4.589190e-01	0.000000e+00
ACAG	3	5.978940e-01	2.837700e-02	1.412900e-02	3.596000e-01
ACAT	0	9.608010e-01	4.657000e-03	8.214000e-03	2.632800e-02
ACAT	1	9.576490e-01	0.000000e+00	0.000000e+00	4.235100e-02
ACAT	2	5.505000e-01	0.000000e+00	4.495000e-01	0.000000e+00
ACAT	3	4.795450e-01	6.328500e-02	8.176500e-02	3.754050e-01
ACCA	0	9.287650e-01	9.329000e-03	1.107500e-02	5.083100e-02
ACCA	1	9.495550e-01	0.000000e+00	0.000000e+00	5.044500e-02
ACCA	2	4.098330e-01	0.000000e+00	5.901670e-01	0.000000e+00
ACCA	3	5.789010e-01	4.244700e-02	5.892600e-02	3.197250e-01
ACCC	0	8.171770e-01	1.024100e-02	9.774900e-02	7.483300e-02
ACCC	1	1.000000e+00	0.000000e+00	0.000000e+00	0.000000e+00
ACCC	2	1.081870e-01	0.000000e+00	8.918130e-01	0.000000e+00
ACCC	3	7.031250e-01	5.599000e-02	6.640600e-02	1.744790e-01
ACCG	0	9.139070e-01	1.590600e-02	1.303700e-02	5.715000e-02
ACCG	1	9.626750e-01	0.000000e+00	0.000000e+00	3.732500e-02
ACCG	2	5.118610e-01	0.000000e+00	4.881390e-01	0.000000e+00
ACCG	3	7.379840e-01	3.409300e-02	2.369100e-02	2.042310e-01
ACCT	0	9.127630e-01	1.047100e-02	1.715000e-02	5.961500e-02
ACCT	1	9.473680e-01	0.000000e+00	0.000000e+00	5.263200e-02
ACCT	2	3.720500e-01	0.000000e+00	6.279500e-01	0.000000e+00
ACCT	3	4.498530e-01	2.098900e-02	5.720800e-02	4.719510e-01
ACGA	0	9.553860e-01	8.840000e-03	9.905000e-03	2.586800e-02
ACGA	1	9.676840e-01	0.000000e+00	0.000000e+00	3.231600e-02
ACGA	2	3.075830e-01	0.000000e+00	6.924170e-01	0.000000e+00
ACGA	3	3.654280e-01	3.086200e-02	3.086700e-02	5.728430e-01
ACGC	0	9.662980e-01	5.299000e-03	6.930000e-03	2.147300e-02
ACGC	1	9.669420e-01	0.000000e+00	0.000000e+00	3.305800e-02
ACGC	2	1.854120e-01	0.000000e+00	8.145880e-01	0.000000e+00
ACGC	3	4.198810e-01	4.260700e-02	9.704700e-02	4.404640e-01
ACGG	0	9.210080e-01	7.810000e-03	2.617900e-02	4.500300e-02
ACGG	1	9.713110e-01	0.000000e+00	0.000000e+00	2.868900e-02
ACGG	2	2.268090e-01	0.000000e+00	7.731910e-01	0.000000e+00
ACGG	3	7.864500e-01	5.654800e-02	2.034600e-02	1.366560e-01
ACGT	0	9.363550e-01	8.990000e-03	1.219200e-02	4.246300e-02
ACGT	1	9.578790e-01	0.000000e+00	0.000000e+00	4.212100e-02
ACGT	2	4.013650e-01	0.000000e+00	5.986350e-01	0.000000e+00
ACGT	3	6.058460e-01	5.318500e-02	6.337600e-02	2.775930e-01
ACTA	0	9.198040e-01	2.378700e-02	9.350000e-03	4.705800e-02
ACTA	1	9.793110e-01	0.000000e+00	0.000000e+00	2.068900e-02
ACTA	2	2.764640e-01	0.000000e+00	7.235360e-01	0.000000e+00
ACTA	3	7.425400e-01	2.648600e-02	5.071500e-02	1.802580e-01
ACTC	0	9.159940e-01	1.357500e-02	3.693800e-02	3.349400e-02
ACTC	1	9.712280e-01	0.000000e+00	0.000000e+00	2.877200e-02
ACTC	2	4.716320e-01	0.000000e+00	5.283680e-01	0.000000e+00
ACTC	3	4.504740e-01	2.289700e-02	7.160400e-02	4.550250e-01
ACTG	0	9.505010e-01	1.284500e-02	3.753000e-03	3.290200e-02
ACTG	1	9.430840e-01	0.000000e+00	0.000000e+00	5.691600e-02
ACTG	2	4.595570e-01	0.000000e+00	5.404430e-01	0.000000e+00
ACTG	3	6.829320e-01	2.834700e-02	4.019000e-02	2.485310e-01
ACTT	0	9.440890e-01	7.294000e-03	1.933700e-02	2.928000e-02
ACTT	1	9.662920e-01	0.000000e+00	0.000000e+00	3.370800e-02
ACTT	2	1.527780e-01	0.000000e+00	8.472220e-01	0.000000e+00
ACTT	3	3.548040e-01	8.857000e-03	1.011810e-01	5.351580e-01
AGAA	0	9.668440e-01	4.724000e-03	9.363000e-03	1.906900e-02
AGAA	1	9.696130e-01	0.000000e+00	0.000000e+00	3.038700e-02
AGAA	2	2.760090e-01	0.000000e+00	7.239910e-01	0.000000e+00
AGAA	3	5.610670e-01	1.503200e-02	7.159000e-02	3.523110e-01
AGAC	0	9.506210e-01	1.011400e-02	3.946000e-03	3.531900e-02
AGAC	1	9.443560e-01	0.000000e+00	0.000000e+00	5.564400e-02
AGAC	2	3.189410e-01	0.000000e+00	6.810590e-01	0.000000e+00
AGAC	3	5.824030e-01	3.484700e-02	4.949600e-02	3.332540e-01
AGAG	0	9.222920e-01	9.926000e-03	3.460200e-02	3.318000e-02
AGAG	1	9.869570e-01	0.000000e+00	0.000000e+00	1.304300e-02
AGAG	2	5.677370e-01	0.000000e+00	4.322630e-01	0.000000e+00
AGAG	3	4.977110e-01	2.191000e-02	4.223900e-02	4.381400e-01
AGAT	0	9.578560e-01	6.928000e-03	6.607000e-03	2.860900e-02
AGAT	1	9.605700e-01	0.000000e+00	0.000000e+00	3.943000e-02
AGAT	2	4.940610e-01	0.000000e+00	5.059390e-01	0.000000e+00
AGAT	3	5.353940e-01	3.753100e-02	7.044000e-02	3.566360e-01
AGCA	0	9.361810e-01	9.269000e-03	1.318100e-02	4.136900e-02
AGCA	1	9.500690e-01	0.000000e+00	0.000000e+00	4.993100e-02
AGCA	2	2.208030e-01	0.000000e+00	7.791970e-01	0.000000e+00
AGCA	3	5.896490e-01	5.149900e-02	4.768300e-02	3.111690e-01
AGCC	0	9.329620e-01	9.876000e-03	2.041500e-02	3.674700e-02
AGCC	1	1.000000e+00	0.000000e+00	0.000000e+00	0.000000e+00
AGCC	2	2.589850e-01	0.000000e+00	7.410150e-01	0.000000e+00
AGCC	3	4.613000e-01	6.346700e-02	8.978300e-02	3.854490e-01
AGCG	0	9.439080e-01	1.326200e-02	1.128700e-02	3.154400e-02
AGCG	1	9.829100e-01	0.000000e+00	0.000000e+00	1.709000e-02
AGCG	2	2.673010e-01	0.000000e+00	7.326990e-01	0.000000e+00
AGCG	3	6.298440e-01	6.272000e-02	6.178200e-02	2.456540e-01
AGCT	0	9.282380e-01	6.786000e-03	1.443000e-02	5.054700e-02
AGCT	1	9.550560e-01	0.000000e+00	0.000000e+00	4.494400e-02
AGCT	2	4.768070e-01	0.000000e+00	5.231930e-01	0.000000e+00
AGCT	3	5.925890e-01	9.762000e-03	4.440700e-02	3.532430e-01
AGGA	0	9.485910e-01	1.973600e-02	6.480000e-03	2.519300e-02
AGGA	1	9.853560e-01	0.000000e+00	0.000000e+00	1.464400e-02
AGGA	2	7.082560e-01	0.000000e+00	2.917440e-01	0.000000e+00
AGGA	3	4.943230e-01	2.311000e-02	2.710100e-02	4.554660e-01
AGGC	0	9.416240e-01	9.802000e-03	4.899000e-03	4.367500e-02
AGGC	1	9.490740e-01	0.000000e+00	0.000000e+00	5.092600e-02
AGGC	2	3.587520e-01	0.000000e+00	6.412480e-01	0.000000e+00
AGGC	3	4.786230e-01	1.859600e-02	1.080900e-01	3.946910e-01
AGGG	0	8.521510e-01	1.552500e-02	9.479900e-02	3.752500e-02
AGGG	1	9.430690e-01	0.000000e+00	0.000000e+00	5.693100e-02
AGGG	2	6.291800e-02	0.000000e+00	9.370820e-01	0.000000e+00
AGGG	3	5.810370e-01	2.001300e-02	8.595800e-02	3.129920e-01
AGGT	0	9.376870e-01	7.660000e-03	6.829000e-03	4.782400e-02
AGGT	1	9.795920e-01	0.000000e+00	0.000000e+00	2.040800e-02
AGGT	2	4.301080e-01	0.000000e+00	5.698920e-01	0.000000e+00
AGGT	3	5.984930e-01	1.767200e-02	1.247400e-01	2.590960e-01
AGTA	0	9.492990e-01	7.997000e-03	1.113500e-02	3.156900e-02
AGTA	1	9.649560e-01	0.000000e+00	0.000000e+00	3.504400e-02
AGTA	2	1.441860e-01	0.000000e+00	8.558140e-01	0.000000e+00
AGTA	3	6.755150e-01	4.542100e-02	4.424700e-02	2.348170e-01
AGTC	0	9.612670e-01	3.855000e-03	8.864000e-03	2.601400e-02
AGTC	1	9.596770e-01	0.000000e+00	0.000000e+00	4.032300e-02
AGTC	2	2.769830e-01	0.000000e+00	7.230170e-01	0.000000e+00
AGTC	3	5.919100e-01	1.982200e-02	2.250400e-02	3.657650e-01
AGTG	0	9.382740e-01	8.801000e-03	1.486900e-02	3.805600e-02
AGTG	1	9.278480e-01	0.000000e+00	0.000000e+00	7.215200e-02
AGTG	2	2.346150e-01	0.000000e+00	7.653850e-01	0.000000e+00
AGTG	3	6.528380e-01	4.317200e-02	6.000400e-02	2.439860e-01
AGTT	0	9.606430e-01	3.356000e-03	4.617000e-03	3.138500e-02
AGTT	1	9.793390e-01	0.000000e+00	0.000000e+00	2.066100e-02
AGTT	2	2.528090e-01	0.000000e+00	7.471910e-01	0.000000e+00
AGTT	3	5.737890e-01	2.165200e-02	4.857500e-02	3.559830e-01
ATAA	0	9.137140e-01	8.257000e-03	2.621100e-02	5.181700e-02
ATAA	1	9.916670e-01	0.000000e+00	0.000000e+00	8.333000e-03
ATAA	2	4.167360e-01	0.000000e+00	5.832640e-01	0.000000e+00
ATAA	3	4.704770e-01	2.476700e-02	1.134070e-01	3.913490e-01
ATAC	0	9.556890e-01	5.147000e-03	6.564000e-03	3.260100e-02
ATAC	1	9.242620e-01	0.000000e+00	0.000000e+00	7.573800e-02
ATAC	2	4.425200e-01	0.000000e+00	5.574800e-01	0.000000e+00
ATAC	3	6.617470e-01	3.687400e-02	4.087900e-02	2.605000e-01
ATAG	0	9.440880e-01	1.181900e-02	9.106000e-03	3.498700e-02
ATAG	1	9.703890e-01	0.000000e+00	0.000000e+00	2.961100e-02
ATAG	2	5.976190e-01	0.000000e+00	4.023810e-01	0.000000e+00
ATAG	3	5.787220e-01	2.436700e-02	1.456200e-02	3.823500e-01
ATAT	0	9.578940e-01	5.640000e-03	1.086700e-02	2.559900e-02
ATAT	1	9.203450e-01	0.000000e+00	0.000000e+00	7.965500e-02
ATAT	2	1.153110e-01	0.000000e+00	8.846890e-01	0.000000e+00
ATAT	3	5.111740e-01	5.358500e-02	8.179200e-02	3.534490e-01
ATCA	0	9.212450e-01	1.386600e-02	1.530700e-02	4.958200e-02
ATCA	1	9.675610e-01	0.000000e+00	0.000000e+00	3.243900e-02
ATCA	2	1.928110e-01	0.000000e+00	8.071890e-01	0.000000e+00
ATCA	3	4.607620e-01	2.567600e-02	1.017970e-01	4.117650e-01
ATCC	0	9.044980e-01	8.078000e-03	3.920900e-02	4.821500e-02
ATCC	1	9.883720e-01	0.000000e+00	0.000000e+00	1.162800e-02
ATCC	2	3.231940e-01	0.000000e+00	6.768060e-01	0.000000e+00
ATCC	3	5.953130e-01	3.333300e-02	6.840300e-02	3.029510e-01
ATCG	0	9.428610e-01	1.129200e-02	8.301000e-03	3.754600e-02
ATCG	1	9.723880e-01	0.000000e+00	0.000000e+00	2.761200e-02
ATCG	2	1.844980e-01	0.000000e+00	8.155020e-01	0.000000e+00
ATCG	3	6.416540e-01	3.385100e-02	3.130600e-02	2.931890e-01
ATCT	0	9.316380e-01	8.507000e-03	2.264700e-02	3.720800e-02
ATCT	1	9.652470e-01	0.000000e+00	0.000000e+00	3.475300e-02
ATCT	2	2.782110e-01	0.000000e+00	7.217890e-01	0.000000e+00
ATCT	3	4.115220e-01	1.576100e-02	2.651600e-02	5.462010e-01
ATGA	0	9.537930e-01	9.184000e-03	9.643000e-03	2.737900e-02
ATGA	1	9.569890e-01	0.000000e+00	0.000000e+00	4.301100e-02
ATGA	2	3.032560e-01	0.000000e+00	6.967440e-01	0.000000e+00
ATGA	3	4.014210e-01	1.603600e-02	5.393600e-02	5.286070e-01
ATGC	0	9.557360e-01	4.593000e-03	8.674000e-03	3.099700e-02
ATGC	1	9.769230e-01	0.000000e+00	0.000000e+00	2.307700e-02
ATGC	2	2.721370e-01	0.000000e+00	7.278630e-01	0.000000e+00
ATGC	3	6.214850e-01	3.094800e-02	5.003800e-02	2.975290e-01
ATGG	0	9.347210e-01	5.571000e-03	3.134900e-02	2.835900e-02
ATGG	1	9.615380e-01	0.000000e+00	0.000000e+00	3.846200e-02
ATGG	2	1.246380e-01	0.000000e+00	8.753620e-01	0.000000e+00
ATGG	3	5.659600e-01	4.593600e-02	8.951700e-02	2.985870e-01
ATGT	0	9.266930e-01	6.787000e-03	2.102400e-02	4.549600e-02
ATGT	1	9.393710e-01	0.000000e+00	0.000000e+00	6.062900e-02
ATGT	2	1.598780e-01	0.000000e+00	8.401220e-01	0.000000e+00
ATGT	3	5.374660e-01	7.630400e-02	5.978000e-02	3.264510e-01
ATTA	0	9.262380e-01	7.168000e-03	8.251000e-03	5.834300e-02
ATTA	1	9.672130e-01	0.000000e+00	0.000000e+00	3.278700e-02
ATTA	2	2.375430e-01	0.000000e+00	7.624570e-01	0.000000e+00
ATTA	3	4.675120e-01	4.437400e-02	1.030110e-01	3.851030e-01
ATTC	0	9.376280e-01	1.115100e-02	2.139900e-02	2.982200e-02
ATTC	1	9.568630e-01	0.000000e+00	0.000000e+00	4.313700e-02
ATTC	2	3.658180e-01	0.000000e+00	6.341820e-01	0.000000e+00
ATTC	3	3.349320e-01	1.921900e-02	5.196800e-02	5.938810e-01
ATTT	0	9.444030e-01	5.898000e-03	2.518700e-02	2.451200e-02
ATTT	1	1.000000e+00	0.000000e+00	0.000000e+00	0.000000e+00
ATTT	2	4.247400e-02	0.000000e+00	9.575260e-01	0.000000e+00
ATTT	3	3.582830e-01	3.792400e-02	6.686600e-02	5.369260e-01
AVG	0	9.327160e-01	9.437000e-03	1.734200e-02	4.050500e-02
AVG	1	9.610180e-01	0.000000e+00	0.000000e+00	3.898200e-02
AVG	2	3.086340e-01	0.000000e+00	6.913660e-01	0.000000e+00
AVG	3	5.465210e-01	3.589200e-02	6.358600e-02	3.540010e-01
CAAA	0	9.354910e-01	2.854000e-03	2.220100e-02	3.945400e-02
CAAA	1	9.259260e-01	0.000000e+00	0.000000e+00	7.407400e-02
CAAA	2	1.282390e-01	0.000000e+00	8.717610e-01	0.000000e+00
CAAA	3	4.989430e-01	2.102600e-02	1.029930e-01	3.770380e-01
CAAC	0	9.388900e-01	8.842000e-03	1.038000e-02	4.188800e-02
CAAC	1	9.498890e-01	0.000000e+00	0.000000e+00	5.011100e-02
CAAC	2	1.983930e-01	0.000000e+00	8.016070e-01	0.000000e+00
CAAC	3	7.080340e-01	2.226500e-02	6.494800e-02	2.047520e-01
CAAG	0	9.409680e-01	1.777400e-02	8.209000e-03	3.304900e-02
CAAG	1	9.849500e-01	0.000000e+00	0.000000e+00	1.505000e-02
CAAG	2	4.424250e-01	0.000000e+00	5.575750e-01	0.000000e+00
CAAG	3	4.860600e-01	3.452300e-02	3.673500e-02	4.426810e-01
CAAT	0	9.383240e-01	7.464000e-03	1.109000e-02	4.312200e-02
CAAT	1	9.741380e-01	0.000000e+00	0.000000e+00	2.586200e-02
CAAT	2	2.269500e-01	0.000000e+00	7.730500e-01	0.000000e+00
CAAT	3	4.976690e-01	1.538500e-02	1.216780e-01	3.652680e-01
CACA	0	9.267990e-01	1.044500e-02	1.658000e-02	4.617700e-02
CACA	1	9.677420e-01	0.000000e+00	0.000000e+00	3.225800e-02
CACA	2	8.605400e-02	0.000000e+00	9.139460e-01	0.000000e+00
CACA	3	4.283780e-01	8.599800e-02	1.189770e-01	3.666480e-01
CACC	0	9.090580e-01	7.136000e-03	1.684600e-02	6.696000e-02
CACC	1	9.459460e-01	0.000000e+00	0.000000e+00	5.405400e-02
CACC	2	1.801610e-01	0.000000e+00	8.198390e-01	0.000000e+00
CACC	3	5.984230e-01	5.193000e-02	5.138700e-02	2.982600e-01
CACG	0	9.512760e-01	1.014400e-02	7.719000e-03	3.086200e-02
CACG	1	9.835490e-01	0.000000e+00	0.000000e+00	1.645100e-02
CACG	2	6.960860e-01	0.000000e+00	3.039140e-01	0.000000e+00
CACG	3	5.047040e-01	1.366530e-01	6.140300e-02	2.972390e-01
CACT	0	9.188000e-01	8.107000e-03	2.508500e-02	4.800800e-02
CACT	1	9.418180e-01	0.000000e+00	0.000000e+00	5.818200e-02
CACT	2	4.623390e-01	0.000000e+00	5.376610e-01	0.000000e+00
CACT	3	5.101260e-01	2.390000e-02	3.936800e-02	4.266060e-01
CAGA	0	9.491520e-01	1.245600e-02	1.133600e-02	2.705600e-02
CAGA	1	9.782440e-01	0.000000e+00	0.000000e+00	2.175600e-02
CAGA	2	2.437480e-01	0.000000e+00	7.562520e-01	0.000000e+00
CAGA	3	7.916820e-01	8.871000e-03	2.260900e-02	1.768380e-01
CAGC	0	9.512020e-01	6.270000e-03	8.185000e-03	3.434200e-02
CAGC	1	9.673470e-01	0.000000e+00	0.000000e+00	3.265300e-02
CAGC	2	1.390310e-01	0.000000e+00	8.609690e-01	0.000000e+00
CAGC	3	5.164440e-01	2.229800e-02	9.676200e-02	3.644960e-01
CAGG	0	9.001380e-01	1.079400e-02	2.757400e-02	6.149400e-02
CAGG	1	9.855620e-01	0.000000e+00	0.000000e+00	1.443800e-02
CAGG	2	4.041850e-01	0.000000e+00	5.958150e-01	0.000000e+00
CAGG	3	6.559130e-01	3.763700e-02	3.618000e-02	2.702700e-01
CAGT	0	9.421860e-01	1.070000e-02	8.458000e-03	3.865600e-02
CAGT	1	9.658200e-01	0.000000e+00	0.000000e+00	3.418000e-02
CAGT	2	4.284570e-01	0.000000e+00	5.715430e-01	0.000000e+00
CAGT	3	6.761330e-01	2.484400e-02	4.086400e-02	2.581590e-01
CATA	0	9.400320e-01	8.373000e-03	1.064800e-02	4.094700e-02
CATA	1	9.520870e-01	0.000000e+00	0.000000e+00	4.791300e-02
CATA	2	1.601630e-01	0.000000e+00	8.398370e-01	0.000000e+00
CATA	3	4.949850e-01	1.035260e-01	7.301600e-02	3.284720e-01
CATC	0	9.710830e-01	3.380000e-03	5.490000e-03	2.004700e-02
CATC	1	9.582390e-01	0.000000e+00	0.000000e+00	4.176100e-02
CATC	2	1.702970e-01	0.000000e+00	8.297030e-01	0.000000e+00
CATC	3	5.287890e-01	2.214800e-02	5.468000e-02	3.943820e-01
CATG	0	9.475940e-01	7.315000e-03	9.123000e-03	3.596800e-02
CATG	1	9.704200e-01	0.000000e+00	0.000000e+00	2.958000e-02
CATG	2	2.665440e-01	0.000000e+00	7.334560e-01	0.000000e+00
CATG	3	5.900430e-01	9.282500e-02	5.348700e-02	2.636450e-01
CATT	0	9.565070e-01	4.299000e-03	9.536000e-03	2.965800e-02
CATT	1	9.536080e-01	0.000000e+00	0.000000e+00	4.639200e-02
CATT	2	6.957200e-02	0.000000e+00	9.304280e-01	0.000000e+00
CATT	3	5.100020e-01	3.499700e-02	8.339100e-02	3.716100e-01
CCAA	0	9.339540e-01	1.304000e-03	1.271000e-02	5.203300e-02
CCAA	1	9.480520e-01	0.000000e+00	0.000000e+00	5.194800e-02
CCAA	2	5.668700e-02	0.000000e+00	9.433130e-01	0.000000e+00
CCAA	3	2.839620e-01	1.257300e-02	3.019010e-01	4.015640e-01
CCAC	0	9.440830e-01	5.314000e-03	5.416000e-03	4.518700e-02
CCAC	1	8.898310e-01	0.000000e+00	0.000000e+00	1.101690e-01
CCAC	2	1.550530e-01	0.000000e+00	8.449470e-01	0.000000e+00
CCAC	3	6.446150e-01	1.532000e-02	4.572900e-02	2.943360e-01
CCAG	0	9.531330e-01	7.166000e-03	1.008400e-02	2.961700e-02
CCAG	1	9.651160e-01	0.000000e+00	0.000000e+00	3.488400e-02
CCAG	2	2.718290e-01	0.000000e+00	7.281710e-01	0.000000e+00
CCAG	3	6.236960e-01	2.980600e-02	7.452000e-03	3.390460e-01
CCAT	0	9.467160e-01	6.911000e-03	8.238000e-03	3.813400e-02
CCAT	1	9.344570e-01	0.000000e+00	0.000000e+00	6.554300e-02
CCAT	2	2.656450e-01	0.000000e+00	7.343550e-01	0.000000e+00
CCAT	3	4.522800e-01	4.684700e-02	4.732700e-02	4.535460e-01
CCCA	0	8.901290e-01	2.723200e-02	1.135900e-02	7.128000e-02
CCCA	1	9.795080e-01	0.000000e+00	0.000000e+00	2.049200e-02
CCCA	2	8.870970e-01	0.000000e+00	1.129030e-01	0.000000e+00
CCCA	3	4.776120e-01	3.673900e-02	2.066590e-01	2.789900e-01
CCCC	0	7.277970e-01	3.137000e-03	1.735120e-01	9.555400e-02
CCCC	1	8.582090e-01	0.000000e+00	0.000000e+00	1.417910e-01
CCCC	2	5.327900e-02	0.000000e+00	9.467210e-01	0.000000e+00
CCCC	3	6.869780e-01	1.108800e-02	9.164700e-02	2.102870e-01
CCCG	0	8.997840e-01	2.186000e-02	3.233000e-03	7.512300e-02
CCCG	1	9.758620e-01	0.000000e+00	0.000000e+00	2.413800e-02
CCCG	2	7.792210e-01	0.000000e+00	2.207790e-01	0.000000e+00
CCCG	3	7.711440e-01	3.420400e-02	3.731300e-02	1.573380e-01
CCCT	0	8.753640e-01	1.996100e-02	2.174800e-02	8.292700e-02
CCCT	1	9.840640e-01	0.000000e+00	0.000000e+00	1.593600e-02
CCCT	2	6.917420e-01	0.000000e+00	3.082580e-01	0.000000e+00
CCCT	3	4.511170e-01	1.050000e-02	3.798000e-02	5.004020e-01
CCGA	0	9.174290e-01	2.025000e-02	1.180700e-02	5.051500e-02
CCGA	1	9.798950e-01	0.000000e+00	0.000000e+00	2.010500e-02
CCGA	2	5.967160e-01	0.000000e+00	4.032840e-01	0.000000e+00
CCGA	3	4.786980e-01	2.711600e-02	2.209600e-02	4.720900e-01
CCGC	0	9.529830e-01	7.244000e-03	6.250000e-03	3.352300e-02
CCGC	1	9.272730e-01	0.000000e+00	0.000000e+00	7.272700e-02
CCGC	2	2.490040e-01	0.000000e+00	7.509960e-01	0.000000e+00
CCGC	3	4.126060e-01	2.629500e-02	1.484920e-01	4.126060e-01
CCGG	0	9.114180e-01	4.855000e-03	4.145500e-02	4.227200e-02
CCGG	1	9.764150e-01	0.000000e+00	0.000000e+00	2.358500e-02
CCGG	2	2.485120e-01	0.000000e+00	7.514880e-01	0.000000e+00
CCGG	3	7.806310e-01	1.675100e-02	3.423400e-02	1.683840e-01
CCGT	0	9.306340e-01	1.217500e-02	8.596000e-03	4.859400e-02
CCGT	1	9.425840e-01	0.000000e+00	0.000000e+00	5.741600e-02
CCGT	2	2.496060e-01	0.000000e+00	7.503940e-01	0.000000e+00
CCGT	3	5.056430e-01	6.188700e-02	7.143300e-02	3.610370e-01
CCTA	0	9.011340e-01	1.538300e-02	4.624000e-03	7.885900e-02
CCTA	1	9.645890e-01	0.000000e+00	0.000000e+00	3.541100e-02
CCTA	2	5.031600e-01	0.000000e+00	4.968400e-01	0.000000e+00
CCTA	3	6.831740e-01	3.431300e-02	3.711400e-02	2.453990e-01
CCTC	0	9.391440e-01	1.155000e-02	1.951000e-02	2.979600e-02
CCTC	1	9.530790e-01	0.000000e+00	0.000000e+00	4.692100e-02
CCTC	2	2.759570e-01	0.000000e+00	7.240430e-01	0.000000e+00
CCTC	3	5.881190e-01	1.631100e-02	6.511800e-02	3.304520e-01
CCTG	0	9.375610e-01	1.237000e-02	6.119000e-03	4.395000e-02
CCTG	1	9.387100e-01	0.000000e+00	0.000000e+00	6.129000e-02
CCTG	2	5.789330e-01	0.000000e+00	4.210670e-01	0.000000e+00
CCTG	3	5.884530e-01	2.306000e-02	4.820200e-02	3.402850e-01
CCTT	0	9.105970e-01	5.762000e-03	3.172600e-02	5.191600e-02
CCTT	1	9.574470e-01	0.000000e+00	0.000000e+00	4.255300e-02
CCTT	2	6.278330e-01	0.000000e+00	3.721670e-01	0.000000e+00
CCTT	3	5.262330e-01	1.748900e-02	6.908000e-02	3.871980e-01
CGAA	0	9.510260e-01	6.210000e-03	1.832100e-02	2.444400e-02
CGAA	1	9.741700e-01	0.000000e+00	0.000000e+00	2.583000e-02
CGAA	2	1.438100e-01	0.000000e+00	8.561900e-01	0.000000e+00
CGAA	3	6.977620e-01	1.500800e-02	3.260700e-02	2.546240e-01
CGAC	0	9.521880e-01	7.482000e-03	6.127000e-03	3.420300e-02
CGAC	1	9.561120e-01	0.000000e+00	0.000000e+00	4.388800e-02
CGAC	2	1.288680e-01	0.000000e+00	8.711320e-01	0.000000e+00
CGAC	3	6.140950e-01	2.476800e-02	4.433400e-02	3.168030e-01
CGAG	0	9.320270e-01	1.114300e-02	2.167200e-02	3.515900e-02
CGAG	1	9.726890e-01	0.000000e+00	0.000000e+00	2.731100e-02
CGAG	2	3.542060e-01	0.000000e+00	6.457940e-01	0.000000e+00
CGAG	3	5.911240e-01	1.987000e-02	3.352600e-02	3.554800e-01
CGAT	0	9.729200e-01	4.121000e-03	4.040000e-03	1.891900e-02
CGAT	1	9.482760e-01	0.000000e+00	0.000000e+00	5.172400e-02
CGAT	2	3.546430e-01	0.000000e+00	6.453570e-01	0.000000e+00
CGAT	3	7.064770e-01	2.605000e-02	2.542100e-02	2.420520e-01
CGCA	0	9.381090e-01	9.105000e-03	9.463000e-03	4.332300e-02
CGCA	1	9.625490e-01	0.000000e+00	0.000000e+00	3.745100e-02
CGCA	2	5.625780e-01	0.000000e+00	4.374220e-01	0.000000e+00
CGCA	3	6.055820e-01	3.506100e-02	6.402600e-02	2.953310e-01
CGCC	0	9.215470e-01	9.243000e-03	1.776700e-02	5.144400e-02
CGCC	1	9.565220e-01	0.000000e+00	0.000000e+00	4.347800e-02
CGCC	2	3.011160e-01	0.000000e+00	6.988840e-01	0.000000e+00
CGCC	3	4.714170e-01	5.568500e-02	1.241240e-01	3.487730e-01
CGCG	0	9.314810e-01	9.224000e-03	2.492700e-02	3.436800e-02
CGCG	1	9.761900e-01	0.000000e+00	0.000000e+00	2.381000e-02
CGCG	2	1.179750e-01	0.000000e+00	8.820250e-01	0.000000e+00
CGCG	3	5.951000e-01	5.401100e-02	7.305400e-02	2.778350e-01
CGCT	0	9.243250e-01	1.088100e-02	1.440200e-02	5.039200e-02
CGCT	1	9.593250e-01	0.000000e+00	0.000000e+00	4.067500e-02
CGCT	2	4.742540e-01	0.000000e+00	5.257460e-01	0.000000e+00
CGCT	3	5.895180e-01	1.576500e-02	4.195100e-02	3.527660e-01
CGGA	0	8.829540e-01	2.113700e-02	4.958000e-02	4.632900e-02
CGGA	1	9.797100e-01	0.000000e+00	0.000000e+00	2.029000e-02
CGGA	2	6.957440e-01	0.000000e+00	3.042560e-01	0.000000e+00
CGGA	3	4.502960e-01	1.861300e-02	6.476300e-02	4.663280e-01
CGGG	0	8.853450e-01	1.126100e-02	6.141000e-02	4.198400e-02
CGGG	1	9.512990e-01	0.000000e+00	0.000000e+00	4.870100e-02
CGGG	2	5.323000e-02	0.000000e+00	9.467700e-01	0.000000e+00
CGGG	3	4.854660e-01	1.840200e-02	6.336300e-02	4.327690e-01
CGGT	0	9.247370e-01	6.433000e-03	5.058000e-03	6.377200e-02
CGGT	1	8.732390e-01	0.000000e+00	0.000000e+00	1.267610e-01
CGGT	2	4.787140e-01	0.000000e+00	5.212860e-01	0.000000e+00
CGGT	3	3.875090e-01	2.070400e-02	1.573500e-01	4.344380e-01
CGTA	0	9.348030e-01	1.203900e-02	8.918000e-03	4.424000e-02
CGTA	1	9.546680e-01	0.000000e+00	0.000000e+00	4.533200e-02
CGTA	2	3.448740e-01	0.000000e+00	6.551260e-01	0.000000e+00
CGTA	3	6.130390e-01	5.923400e-02	6.668200e-02	2.610450e-01
CGTC	0	9.628340e-01	4.181000e-03	5.257000e-03	2.772800e-02
CGTC	1	9.665430e-01	0.000000e+00	0.000000e+00	3.345700e-02
CGTC	2	1.496430e-01	0.000000e+00	8.503570e-01	0.000000e+00
CGTC	3	6.515690e-01	1.986800e-02	2.875000e-02	2.998120e-01
CGTG	0	9.337490e-01	1.000500e-02	2.091300e-02	3.533200e-02
CGTG	1	9.191350e-01	0.000000e+00	0.000000e+00	8.086500e-02
CGTG	2	2.527320e-01	0.000000e+00	7.472680e-01	0.000000e+00
CGTG	3	5.538440e-01	5.853800e-02	8.797200e-02	2.996460e-01
CGTT	0	9.508710e-01	4.299000e-03	9.092000e-03	3.573800e-02
CGTT	1	9.687500e-01	0.000000e+00	0.000000e+00	3.125000e-02
CGTT	2	2.277940e-01	0.000000e+00	7.722060e-01	0.000000e+00
CGTT	3	4.763030e-01	1.764100e-02	5.634500e-02	4.497100e-01
CTAA	0	9.476430e-01	5.111000e-03	1.765300e-02	2.959300e-02
CTAA	1	9.767440e-01	0.000000e+00	0.000000e+00	2.325600e-02
CTAA	2	1.494710e-01	0.000000e+00	8.505290e-01	0.000000e+00
CTAA	3	5.359960e-01	5.095300e-02	4.339300e-02	3.696580e-01
CTAC	0	9.563360e-01	5.136000e-03	8.046000e-03	3.048200e-02
CTAC	1	9.084510e-01	0.000000e+00	0.000000e+00	9.154900e-02
CTAC	2	3.101160e-01	0.000000e+00	6.898840e-01	0.000000e+00
CTAC	3	6.491550e-01	4.426600e-02	8.393800e-02	2.226410e-01
CTAG	0	9.496840e-01	9.443000e-03	1.087300e-02	3.000000e-02
CTAG	1	9.773540e-01	0.000000e+00	0.000000e+00	2.264600e-02
CTAG	2	4.520160e-01	0.000000e+00	5.479840e-01	0.000000e+00
CTAG	3	6.344270e-01	4.727000e-02	1.579400e-02	3.025090e-01
CTAT	0	9.580640e-01	5.400000e-03	7.487000e-03	2.904900e-02
CTAT	1	9.667970e-01	0.000000e+00	0.000000e+00	3.320300e-02
CTAT	2	2.723980e-01	0.000000e+00	7.276020e-01	0.000000e+00
CTAT	3	4.800920e-01	7.921500e-02	5.796000e-02	3.827330e-01
CTCA	0	9.148000e-01	2.198400e-02	1.213500e-02	5.108100e-02
CTCA	1	9.744520e-01	0.000000e+00	0.000000e+00	2.554800e-02
CTCA	2	4.449770e-01	0.000000e+00	5.550230e-01	0.000000e+00
CTCA	3	4.746790e-01	3.015700e-02	1.239060e-01	3.712570e-01
CTCC	0	8.777110e-01	7.244000e-03	6.447100e-02	5.057400e-02
CTCC	1	9.097220e-01	0.000000e+00	0.000000e+00	9.027800e-02
CTCC	2	2.111320e-01	0.000000e+00	7.888680e-01	0.000000e+00
CTCC	3	5.862430e-01	2.698400e-02	6.666700e-02	3.201060e-01
CTCG	0	9.216800e-01	2.132000e-02	1.098300e-02	4.601700e-02
CTCG	1	9.785270e-01	0.000000e+00	0.000000e+00	2.147300e-02
CTCG	2	5.287810e-01	0.000000e+00	4.712190e-01	0.000000e+00
CTCG	3	6.377910e-01	2.963400e-02	3.719500e-02	2.953800e-01
CTCT	0	8.877700e-01	1.188100e-02	5.797000e-02	4.237900e-02
CTCT	1	9.646410e-01	0.000000e+00	0.000000e+00	3.535900e-02
CTCT	2	3.644740e-01	0.000000e+00	6.355260e-01	0.000000e+00
CTCT	3	5.123810e-01	1.462800e-02	4.343100e-02	4.295600e-01
CTGA	0	9.366390e-01	2.070600e-02	1.082600e-02	3.182900e-02
CTGA	1	9.665850e-01	0.000000e+00	0.000000e+00	3.341500e-02
CTGA	2	4.300470e-01	0.000000e+00	5.699530e-01	0.000000e+00
CTGA	3	4.596370e-01	3.594200e-02	4.873200e-02	4.556880e-01
CTGC	0	9.452520e-01	6.377000e-03	1.073000e-02	3.764000e-02
CTGC	1	9.153320e-01	0.000000e+00	0.000000e+00	8.466800e-02
CTGC	2	2.630630e-01	0.000000e+00	7.369370e-01	0.000000e+00
CTGC	3	5.398100e-01	3.874100e-02	7.433300e-02	3.471160e-01
CTGG	0	9.059660e-01	4.731000e-03	5.124000e-02	3.806300e-02
CTGG	1	9.687500e-01	0.000000e+00	0.000000e+00	3.125000e-02
CTGG	2	1.254570e-01	0.000000e+00	8.745430e-01	0.000000e+00
CTGG	3	5.102210e-01	5.233000e-02	3.843000e-02	3.990190e-01
CTGT	0	9.312160e-01	1.051400e-02	1.305800e-02	4.521200e-02
CTGT	1	9.504570e-01	0.000000e+00	0.000000e+00	4.954300e-02
CTGT	2	2.807380e-01	0.000000e+00	7.192620e-01	0.000000e+00
CTGT	3	4.426730e-01	5.331700e-02	7.742700e-02	4.265830e-01
CTTA	0	9.071210e-01	1.651700e-02	1.415700e-02	6.220500e-02
CTTA	1	9.819820e-01	0.000000e+00	0.000000e+00	1.801800e-02
CTTA	2	4.651270e-01	0.000000e+00	5.348730e-01	0.000000e+00
CTTA	3	5.948840e-01	1.650200e-02	5.940600e-02	3.292080e-01
CTTC	0	9.324430e-01	1.322200e-02	1.671900e-02	3.761600e-02
CTTC	1	9.672130e-01	0.000000e+00	0.000000e+00	3.278700e-02
CTTC	2	3.208930e-01	0.000000e+00	6.791070e-01	0.000000e+00
CTTC	3	5.337580e-01	1.555300e-02	7.529200e-02	3.753980e-01
CTTG	0	9.049400e-01	2.680700e-02	9.352000e-03	5.890100e-02
CTTG	1	9.914090e-01	0.000000e+00	0.000000e+00	8.591000e-03
CTTG	2	5.125960e-01	0.000000e+00	4.874040e-01	0.000000e+00
CTTG	3	5.607860e-01	2.870800e-02	7.043200e-02	3.400740e-01
CTTT	0	8.865000e-01	6.819000e-03	5.506600e-02	5.161500e-02
CTTT	1	9.272730e-01	0.000000e+00	0.000000e+00	7.272700e-02
CTTT	2	2.233120e-01	0.000000e+00	7.766880e-01	0.000000e+00
CTTT	3	4.480090e-01	1.782200e-02	8.667600e-02	4.474930e-01
GAAA	0	9.379690e-01	2.067000e-03	2.681700e-02	3.314700e-02
GAAA	1	8.918920e-01	0.000000e+00	0.000000e+00	1.081080e-01
GAAA	2	7.112500e-02	0.000000e+00	9.288750e-01	0.000000e+00
GAAA	3	4.032050e-01	3.461500e-02	1.974360e-01	3.647440e-01
GAAC	0	9.635350e-01	8.873000e-03	2.923000e-03	2.466900e-02
GAAC	1	9.648370e-01	0.000000e+00	0.000000e+00	3.516300e-02
GAAC	2	2.511280e-01	0.000000e+00	7.488720e-01	0.000000e+00
GAAC	3	6.622670e-01	3.354400e-02	3.787000e-02	2.663190e-01
GAAG	0	9.537070e-01	5.931000e-03	8.786000e-03	3.157600e-02
GAAG	1	9.761900e-01	0.000000e+00	0.000000e+00	2.381000e-02
GAAG	2	1.532870e-01	0.000000e+00	8.467130e-01	0.000000e+00
GAAG	3	4.837400e-01	3.658500e-02	3.116500e-02	4.485090e-01
GAAT	0	9.502470e-01	9.099000e-03	3.958000e-03	3.669600e-02
GAAT	1	9.591280e-01	0.000000e+00	0.000000e+00	4.087200e-02
GAAT	2	4.211240e-01	0.000000e+00	5.788760e-01	0.000000e+00
GAAT	3	4.125290e-01	3.503900e-02	9.451000e-02	4.579220e-01
GACA	0	9.256570e-01	9.091000e-03	9.929000e-03	5.532400e-02
GACA	1	9.616870e-01	0.000000e+00	0.000000e+00	3.831300e-02
GACA	2	1.884630e-01	0.000000e+00	8.115370e-01	0.000000e+00
GACA	3	5.456170e-01	6.134800e-02	9.370200e-02	2.993340e-01
GACC	0	9.259910e-01	8.158000e-03	1.669200e-02	4.915900e-02
GACC	1	9.858870e-01	0.000000e+00	0.000000e+00	1.411300e-02
GACC	2	1.771090e-01	0.000000e+00	8.228910e-01	0.000000e+00
GACC	3	5.988930e-01	8.392700e-02	5.786300e-02	2.593170e-01
GACG	0	9.453400e-01	8.662000e-03	8.594000e-03	3.740400e-02
GACG	1	9.680130e-01	0.000000e+00	0.000000e+00	3.198700e-02
GACG	2	1.348590e-01	0.000000e+00	8.651410e-01	0.000000e+00
GACG	3	5.798220e-01	7.864200e-02	5.534900e-02	2.861870e-01
GACT	0	9.324170e-01	6.442000e-03	1.407400e-02	4.706600e-02
GACT	1	9.376660e-01	0.000000e+00	0.000000e+00	6.233400e-02
GACT	2	4.379920e-01	0.000000e+00	5.620080e-01	0.000000e+00
GACT	3	5.008120e-01	1.803900e-02	3.242300e-02	4.487250e-01
GAGA	0	9.552340e-01	1.153800e-02	1.001900e-02	2.320900e-02
GAGA	1	9.894960e-01	0.000000e+00	0.000000e+00	1.050400e-02
GAGA	2	4.258150e-01	0.000000e+00	5.741850e-01	0.000000e+00
GAGA	3	5.981400e-01	5.998000e-03	5.053800e-02	3.453250e-01
GAGC	0	9.354260e-01	9.285000e-03	1.926900e-02	3.601900e-02
GAGC	1	9.632770e-01	0.000000e+00	0.000000e+00	3.672300e-02
GAGC	2	3.451120e-01	0.000000e+00	6.548880e-01	0.000000e+00
GAGC	3	3.841060e-01	4.913500e-02	1.337980e-01	4.329610e-01
GAGG	0	9.028290e-01	1.722000e-02	4.366500e-02	3.628500e-02
GAGG	1	1.000000e+00	0.000000e+00	0.000000e+00	0.000000e+00
GAGG	2	1.592920e-01	0.000000e+00	8.407080e-01	0.000000e+00
GAGG	3	7.950820e-01	2.459000e-02	1.639300e-02	1.639340e-01
GAGT	0	9.385130e-01	1.225300e-02	1.119500e-02	3.803900e-02
GAGT	1	9.791080e-01	0.000000e+00	0.000000e+00	2.089200e-02
GAGT	2	4.036180e-01	0.000000e+00	5.963820e-01	0.000000e+00
GAGT	3	4.956640e-01	4.119800e-02	4.391000e-02	4.192280e-01
GATA	0	9.356760e-01	7.514000e-03	6.941000e-03	4.986900e-02
GATA	1	9.613930e-01	0.000000e+00	0.000000e+00	3.860700e-02
GATA	2	1.984240e-01	0.000000e+00	8.015760e-01	0.000000e+00
GATA	3	5.495960e-01	6.204100e-02	8.361000e-02	3.047530e-01
GATC	0	9.755420e-01	2.995000e-03	5.919000e-03	1.554400e-02
GATC	1	9.642860e-01	0.000000e+00	0.000000e+00	3.571400e-02
GATC	2	3.248920e-01	0.000000e+00	6.751080e-01	0.000000e+00
GATC	3	4.117820e-01	1.407200e-02	4.175700e-02	5.323890e-01
GATG	0	9.659170e-01	4.051000e-03	6.862000e-03	2.317000e-02
GATG	1	9.439750e-01	0.000000e+00	0.000000e+00	5.602500e-02
GATG	2	1.594870e-01	0.000000e+00	8.405130e-01	0.000000e+00
GATG	3	5.365470e-01	4.438500e-02	7.723700e-02	3.418320e-01
GATT	0	9.524140e-01	2.855000e-03	1.422900e-02	3.050100e-02
GATT	1	1.000000e+00	0.000000e+00	0.000000e+00	0.000000e+00
GATT	2	1.302680e-01	0.000000e+00	8.697320e-01	0.000000e+00
GATT	3	6.778610e-01	1.990000e-02	5.472600e-02	2.475120e-01
GCAA	0	9.456320e-01	5.022000e-03	1.421900e-02	3.512700e-02
GCAA	1	9.661460e-01	0.000000e+00	0.000000e+00	3.385400e-02
GCAA	2	1.505220e-01	0.000000e+00	8.494780e-01	0.000000e+00
GCAA	3	4.652500e-01	3.421000e-02	7.709900e-02	4.234420e-01
GCAC	0	9.441330e-01	1.300000e-02	1.024600e-02	3.262100e-02
GCAC	1	9.535570e-01	0.000000e+00	0.000000e+00	4.644300e-02
GCAC	2	1.637440e-01	0.000000e+00	8.362560e-01	0.000000e+00
GCAC	3	5.554260e-01	5.625800e-02	5.027900e-02	3.380380e-01
GCAG	0	9.576160e-01	7.264000e-03	8.010000e-03	2.711000e-02
GCAG	1	9.550130e-01	0.000000e+00	0.000000e+00	4.498700e-02
GCAG	2	4.085110e-01	0.000000e+00	5.914890e-01	0.000000e+00
GCAG	3	6.374230e-01	2.621800e-02	2.183000e-02	3.145280e-01
GCAT	0	9.545170e-01	5.438000e-03	5.436000e-03	3.460900e-02
GCAT	1	9.467310e-01	0.000000e+00	0.000000e+00	5.326900e-02
GCAT	2	2.245110e-01	0.000000e+00	7.754890e-01	0.000000e+00
GCAT	3	4.579140e-01	5.002600e-02	7.164500e-02	4.204150e-01
GCCA	0	9.636470e-01	5.449000e-03	3.650000e-03	2.725400e-02
GCCA	1	9.461080e-01	0.000000e+00	0.000000e+00	5.389200e-02
GCCA	2	3.725650e-01	0.000000e+00	6.274350e-01	0.000000e+00
GCCA	3	6.255490e-01	5.311400e-02	2.802200e-02	2.933150e-01
GCCC	0	8.505030e-01	1.782900e-02	5.370700e-02	7.796000e-02
GCCC	1	9.723620e-01	0.000000e+00	0.000000e+00	2.763800e-02
GCCC	2	9.747800e-02	0.000000e+00	9.025220e-01	0.000000e+00
GCCC	3	6.894700e-01	2.743800e-02	6.284800e-02	2.202450e-01
GCCG	0	9.347520e-01	1.165000e-02	9.400000e-03	4.419800e-02
GCCG	1	9.764710e-01	0.000000e+00	0.000000e+00	2.352900e-02
GCCG	2	5.125230e-01	0.000000e+00	4.874770e-01	0.000000e+00
GCCG	3	7.054910e-01	4.489600e-02	2.439100e-02	2.252220e-01
GCCT	0	9.220780e-01	9.048000e-03	1.770800e-02	5.116700e-02
GCCT	1	9.557200e-01	0.000000e+00	0.000000e+00	4.428000e-02
GCCT	2	5.856250e-01	0.000000e+00	4.143750e-01	0.000000e+00
GCCT	3	4.316270e-01	2.748400e-02	6.620600e-02	4.746820e-01
GCGA	0	9.522860e-01	9.247000e-03	9.246000e-03	2.922100e-02
GCGA	1	9.764710e-01	0.000000e+00	0.000000e+00	2.352900e-02
GCGA	2	3.953790e-01	0.000000e+00	6.046210e-01	0.000000e+00
GCGA	3	4.431280e-01	2.274000e-02	4.242200e-02	4.917100e-01
GCGC	0	9.311700e-01	6.176000e-03	3.385500e-02	2.879900e-02
GCGC	1	9.443410e-01	0.000000e+00	0.000000e+00	5.565900e-02
GCGC	2	1.042040e-01	0.000000e+00	8.957960e-01	0.000000e+00
GCGC	3	4.191240e-01	4.904800e-02	1.108130e-01	4.210150e-01
GCGG	0	9.350330e-01	9.497000e-03	3.056200e-02	2.490800e-02
GCGG	1	9.819820e-01	0.000000e+00	0.000000e+00	1.801800e-02
GCGG	2	5.080860e-01	0.000000e+00	4.919140e-01	0.000000e+00
GCGG	3	8.625270e-01	4.140100e-02	7.166000e-03	8.890700e-02
GCGT	0	9.447360e-01	1.245500e-02	6.987000e-03	3.582100e-02
GCGT	1	9.499310e-01	0.000000e+00	0.000000e+00	5.006900e-02
GCGT	2	5.876260e-01	0.000000e+00	4.123740e-01	0.000000e+00
GCGT	3	5.110180e-01	5.909800e-02	5.870100e-02	3.711830e-01
GCTA	0	8.994830e-01	1.689600e-02	1.345700e-02	7.016400e-02
GCTA	1	9.351130e-01	0.000000e+00	0.000000e+00	6.488700e-02
GCTA	2	4.159030e-01	0.000000e+00	5.840970e-01	0.000000e+00
GCTA	3	7.452440e-01	2.336100e-02	5.019400e-02	1.812000e-01
GCTC	0	9.529450e-01	1.105900e-02	1.122500e-02	2.477000e-02
GCTC	1	9.743590e-01	0.000000e+00	0.000000e+00	2.564100e-02
GCTC	2	4.186470e-01	0.000000e+00	5.813530e-01	0.000000e+00
GCTC	3	3.654430e-01	2.609100e-02	2.550900e-02	5.829570e-01
GCTG	0	9.617250e-01	1.160000e-02	3.026000e-03	2.364900e-02
GCTG	1	9.726210e-01	0.000000e+00	0.000000e+00	2.737900e-02
GCTG	2	2.705500e-01	0.000000e+00	7.294500e-01	0.000000e+00
GCTG	3	6.385580e-01	4.041400e-02	3.835500e-02	2.826720e-01
GCTT	0	9.217750e-01	3.958000e-03	2.454200e-02	4.972600e-02
GCTT	1	9.672130e-01	0.000000e+00	0.000000e+00	3.278700e-02
GCTT	2	1.821410e-01	0.000000e+00	8.178590e-01	0.000000e+00
GCTT	3	3.542760e-01	1.271900e-02	1.189690e-01	5.140350e-01
GGAA	0	9.665740e-01	4.893000e-03	7.208000e-03	2.132500e-02
GGAA	1	1.000000e+00	0.000000e+00	0.000000e+00	0.000000e+00
GGAA	2	1.114920e-01	0.000000e+00	8.885080e-01	0.000000e+00
GGAA	3	5.102880e-01	1.028800e-02	5.555600e-02	4.238680e-01
GGAC	0	9.445890e-01	3.776000e-03	4.165000e-03	4.746900e-02
GGAC	1	8.911670e-01	0.000000e+00	0.000000e+00	1.088330e-01
GGAC	2	2.073540e-01	0.000000e+00	7.926460e-01	0.000000e+00
GGAC	3	4.472480e-01	3.171300e-02	4.624400e-02	4.747950e-01
GGAG	0	9.474840e-01	3.595000e-03	6.252000e-03	4.267000e-02
GGAG	1	9.811320e-01	0.000000e+00	0.000000e+00	1.886800e-02
GGAG	2	5.388600e-01	0.000000e+00	4.611400e-01	0.000000e+00
GGAG	3	3.390360e-01	4.587900e-02	2.519440e-01	3.631420e-01
GGAT	0	9.493750e-01	4.592000e-03	5.031000e-03	4.100200e-02
GGAT	1	9.934210e-01	0.000000e+00	0.000000e+00	6.579000e-03
GGAT	2	1.839920e-01	0.000000e+00	8.160080e-01	0.000000e+00
GGAT	3	4.532430e-01	2.518000e-02	3.929000e-02	4.822880e-01
GGCA	0	9.453390e-01	7.000000e-03	9.215000e-03	3.844600e-02
GGCA	1	9.598540e-01	0.000000e+00	0.000000e+00	4.014600e-02
GGCA	2	1.461720e-01	0.000000e+00	8.538280e-01	0.000000e+00
GGCA	3	6.130800e-01	3.949600e-02	6.219800e-02	2.852260e-01
GGCC	0	9.156400e-01	7.321000e-03	2.074300e-02	5.629600e-02
GGCC	1	9.682540e-01	0.000000e+00	0.000000e+00	3.174600e-02
GGCC	2	1.514970e-01	0.000000e+00	8.485030e-01	0.000000e+00
GGCC	3	5.102620e-01	4.269400e-02	9.819700e-02	3.488460e-01
GGCG	0	9.371240e-01	1.296300e-02	1.389600e-02	3.601600e-02
GGCG	1	9.906980e-01	0.000000e+00	0.000000e+00	9.302000e-03
GGCG	2	1.639570e-01	0.000000e+00	8.360430e-01	0.000000e+00
GGCG	3	6.904760e-01	4.400500e-02	2.551000e-02	2.400090e-01
GGCT	0	9.242040e-01	7.549000e-03	1.509900e-02	5.314800e-02
GGCT	1	9.705880e-01	0.000000e+00	0.000000e+00	2.941200e-02
GGCT	2	5.418990e-01	0.000000e+00	4.581010e-01	0.000000e+00
GGCT	3	4.398910e-01	4.918000e-02	6.284200e-02	4.480870e-01
GGGA	0	9.471080e-01	1.420800e-02	5.654000e-03	3.302900e-02
GGGA	1	9.756840e-01	0.000000e+00	0.000000e+00	2.431600e-02
GGGA	2	8.070040e-01	0.000000e+00	1.929960e-01	0.000000e+00
GGGA	3	4.101150e-01	9.667000e-03	6.784800e-02	5.123700e-01
GGGC	0	9.551890e-01	1.026600e-02	2.960000e-03	3.158500e-02
GGGC	1	9.733330e-01	0.000000e+00	0.000000e+00	2.666700e-02
GGGC	2	6.610300e-01	0.000000e+00	3.389700e-01	0.000000e+00
GGGC	3	5.452780e-01	1.678900e-02	8.053500e-02	3.573980e-01
GGGG	0	7.751450e-01	3.385000e-03	1.777890e-01	4.368100e-02
GGGG	1	9.655170e-01	0.000000e+00	0.000000e+00	3.448300e-02
GGGG	2	6.336900e-02	0.000000e+00	9.366310e-01	0.000000e+00
GGGG	3	4.479500e-01	2.523700e-02	7.255500e-02	4.542590e-01
GGGT	0	9.285060e-01	1.291500e-02	1.030100e-02	4.827800e-02
GGGT	1	1.000000e+00	0.000000e+00	0.000000e+00	0.000000e+00
GGGT	2	6.870790e-01	0.000000e+00	3.129210e-01	0.000000e+00
GGGT	3	4.294870e-01	2.991500e-02	8.867500e-02	4.519230e-01
GGTA	0	9.498860e-01	6.865000e-03	6.407000e-03	3.684200e-02
GGTA	1	1.000000e+00	0.000000e+00	0.000000e+00	0.000000e+00
GGTA	2	4.021740e-01	0.000000e+00	5.978260e-01	0.000000e+00
GGTA	3	6.315790e-01	3.118900e-02	4.093600e-02	2.962960e-01
GGTC	0	9.561810e-01	4.154000e-03	4.121000e-03	3.554400e-02
GGTC	1	1.000000e+00	0.000000e+00	0.000000e+00	0.000000e+00
GGTC	2	1.682820e-01	0.000000e+00	8.317180e-01	0.000000e+00
GGTC	3	3.969950e-01	9.016000e-03	9.836000e-03	5.841530e-01
GGTG	0	9.443410e-01	1.424400e-02	5.651000e-03	3.576400e-02
GGTG	1	9.545450e-01	0.000000e+00	0.000000e+00	4.545500e-02
GGTG	2	1.561260e-01	0.000000e+00	8.438740e-01	0.000000e+00
GGTG	3	5.289860e-01	4.140800e-02	3.209100e-02	3.975160e-01
GGTT	0	9.533940e-01	2.079000e-03	9.117000e-03	3.541100e-02
GGTT	1	1.000000e+00	0.000000e+00	0.000000e+00	0.000000e+00
GGTT	2	1.493060e-01	0.000000e+00	8.506940e-01	0.000000e+00
GGTT	3	5.510290e-01	1.911800e-02	6.176500e-02	3.680880e-01
GTAA	0	9.542340e-01	5.116000e-03	1.157300e-02	2.907800e-02
GTAA	1	9.358970e-01	0.000000e+00	0.000000e+00	6.410300e-02
GTAA	2	1.418550e-01	0.000000e+00	8.581450e-01	0.000000e+00
GTAA	3	3.941200e-01	4.076500e-02	9.415600e-02	4.709600e-01
GTAC	0	9.526230e-01	5.849000e-03	6.655000e-03	3.487300e-02
GTAC	1	9.260270e-01	0.000000e+00	0.000000e+00	7.397300e-02
GTAC	2	4.115200e-01	0.000000e+00	5.884800e-01	0.000000e+00
GTAC	3	6.867470e-01	6.107400e-02	4.233100e-02	2.098480e-01
GTAG	0	9.449510e-01	8.609000e-03	1.119500e-02	3.524500e-02
GTAG	1	9.784070e-01	0.000000e+00	0.000000e+00	2.159300e-02
GTAG	2	4.586900e-01	0.000000e+00	5.413100e-01	0.000000e+00
GTAG	3	7.020740e-01	2.095700e-02	2.128700e-02	2.556810e-01
GTAT	0	9.546140e-01	5.961000e-03	8.122000e-03	3.130300e-02
GTAT	1	9.257560e-01	0.000000e+00	0.000000e+00	7.424400e-02
GTAT	2	1.631170e-01	0.000000e+00	8.368830e-01	0.000000e+00
GTAT	3	4.317320e-01	6.162000e-02	1.058530e-01	4.007940e-01
GTCA	0	9.076360e-01	1.172600e-02	2.031800e-02	6.032000e-02
GTCA	1	9.597700e-01	0.000000e+00	0.000000e+00	4.023000e-02
GTCA	2	1.258450e-01	0.000000e+00	8.741550e-01	0.000000e+00
GTCA	3	4.125810e-01	2.895300e-02	1.394000e-01	4.190660e-01
GTCC	0	9.097000e-01	4.399000e-03	3.778200e-02	4.811900e-02
GTCC	1	1.000000e+00	0.000000e+00	0.000000e+00	0.000000e+00
GTCC	2	1.825180e-01	0.000000e+00	8.174820e-01	0.000000e+00
GTCC	3	6.505340e-01	1.247100e-02	2.177700e-02	3.152170e-01
GTCG	0	9.432050e-01	1.218600e-02	7.691000e-03	3.691900e-02
GTCG	1	9.767190e-01	0.000000e+00	0.000000e+00	2.328100e-02
GTCG	2	2.078850e-01	0.000000e+00	7.921150e-01	0.000000e+00
GTCG	3	5.422290e-01	5.397800e-02	3.803000e-02	3.657630e-01
GTCT	0	9.231270e-01	9.223000e-03	1.776800e-02	4.988300e-02
GTCT	1	9.419610e-01	0.000000e+00	0.000000e+00	5.803900e-02
GTCT	2	2.752010e-01	0.000000e+00	7.247990e-01	0.000000e+00
GTCT	3	2.332490e-01	1.076600e-02	1.998900e-02	7.359970e-01
GTGA	0	9.524260e-01	1.168700e-02	1.264900e-02	2.323800e-02
GTGA	1	9.800170e-01	0.000000e+00	0.000000e+00	1.998300e-02
GTGA	2	6.546670e-01	0.000000e+00	3.453330e-01	0.000000e+00
GTGA	3	4.068860e-01	1.827700e-02	4.918200e-02	5.256560e-01
GTGC	0	9.468840e-01	5.735000e-03	1.107800e-02	3.630300e-02
GTGC	1	9.556790e-01	0.000000e+00	0.000000e+00	4.432100e-02
GTGC	2	4.667190e-01	0.000000e+00	5.332810e-01	0.000000e+00
GTGC	3	4.538350e-01	4.601200e-02	9.084200e-02	4.093110e-01
GTGG	0	9.222620e-01	6.758000e-03	2.795300e-02	4.302700e-02
GTGG	1	9.802630e-01	0.000000e+00	0.000000e+00	1.973700e-02
GTGG	2	3.868890e-01	0.000000e+00	6.131110e-01	0.000000e+00
GTGG	3	6.561820e-01	5.101700e-02	3.176800e-02	2.610330e-01
GTGT	0	9.231000e-01	8.533000e-03	1.642700e-02	5.194000e-02
GTGT	1	9.434860e-01	0.000000e+00	0.000000e+00	5.651400e-02
GTGT	2	8.794100e-02	0.000000e+00	9.120590e-01	0.000000e+00
GTGT	3	4.602930e-01	7.426100e-02	1.132210e-01	3.522250e-01
GTTA	0	9.249700e-01	8.103000e-03	4.202000e-03	6.272500e-02
GTTA	1	9.655170e-01	0.000000e+00	0.000000e+00	3.448300e-02
GTTA	2	1.508620e-01	0.000000e+00	8.491380e-01	0.000000e+00
GTTA	3	4.534880e-01	2.325600e-02	9.302300e-02	4.302330e-01
GTTC	0	9.420980e-01	7.573000e-03	5.172000e-03	4.515700e-02
GTTC	1	9.602450e-01	0.000000e+00	0.000000e+00	3.975500e-02
GTTC	2	3.075320e-01	0.000000e+00	6.924680e-01	0.000000e+00
GTTC	3	4.221570e-01	1.620600e-02	2.189500e-02	5.397430e-01
GTTG	0	9.581470e-01	9.848000e-03	8.729000e-03	2.327700e-02
GTTG	1	9.807690e-01	0.000000e+00	0.000000e+00	1.923100e-02
GTTG	2	1.995130e-01	0.000000e+00	8.004870e-01	0.000000e+00
GTTG	3	7.000000e-01	2.857100e-02	1.785700e-02	2.535710e-01
GTTT	0	9.420380e-01	2.567000e-03	2.101500e-02	3.438000e-02
GTTT	1	9.545450e-01	0.000000e+00	0.000000e+00	4.545500e-02
GTTT	2	7.175900e-02	0.000000e+00	9.282410e-01	0.000000e+00
GTTT	3	3.822390e-01	1.147600e-02	6.867900e-02	5.376060e-01
TAAA	0	9.670370e-01	2.120000e-03	5.993000e-03	2.485000e-02
TAAA	1	8.918920e-01	0.000000e+00	0.000000e+00	1.081080e-01
TAAA	2	2.007040e-01	0.000000e+00	7.992960e-01	0.000000e+00
TAAA	3	2.897860e-01	2.375300e-02	6.650800e-02	6.199520e-01
TAAC	0	9.490140e-01	8.200000e-03	2.926000e-03	3.986000e-02
TAAC	1	9.465650e-01	0.000000e+00	0.000000e+00	5.343500e-02
TAAC	2	1.767500e-01	0.000000e+00	8.232500e-01	0.000000e+00
TAAC	3	6.409380e-01	2.544300e-02	5.431700e-02	2.793020e-01
TAAG	0	9.394740e-01	1.706000e-02	8.871000e-03	3.459600e-02
TAAG	1	9.783830e-01	0.000000e+00	0.000000e+00	2.161700e-02
TAAG	2	6.142650e-01	0.000000e+00	3.857350e-01	0.000000e+00
TAAG	3	4.944160e-01	3.077700e-02	6.741700e-02	4.073890e-01
TAAT	0	9.587680e-01	7.109000e-03	3.318000e-03	3.080600e-02
TAAT	1	9.111110e-01	0.000000e+00	0.000000e+00	8.888900e-02
TAAT	2	1.425700e-01	0.000000e+00	8.574300e-01	0.000000e+00
TAAT	3	3.197280e-01	3.401400e-02	2.380950e-01	4.081630e-01
TACA	0	9.320670e-01	1.027200e-02	1.204400e-02	4.561700e-02
TACA	1	9.472490e-01	0.000000e+00	0.000000e+00	5.275100e-02
TACA	2	1.738350e-01	0.000000e+00	8.261650e-01	0.000000e+00
TACA	3	4.680500e-01	9.236900e-02	9.142200e-02	3.481590e-01
TACC	0	9.142530e-01	1.414100e-02	1.900100e-02	5.260500e-02
TACC	1	9.618320e-01	0.000000e+00	0.000000e+00	3.816800e-02
TACC	2	2.291220e-01	0.000000e+00	7.708780e-01	0.000000e+00
TACC	3	5.715170e-01	6.449900e-02	4.579500e-02	3.181890e-01
TACG	0	9.452480e-01	1.381700e-02	6.903000e-03	3.403100e-02
TACG	1	9.803800e-01	0.000000e+00	0.000000e+00	1.962000e-02
TACG	2	5.070120e-01	0.000000e+00	4.929880e-01	0.000000e+00
TACG	3	5.709190e-01	2.031050e-01	3.448700e-02	1.914900e-01
TACT	0	9.144830e-01	7.869000e-03	2.786200e-02	4.978600e-02
TACT	1	9.627190e-01	0.000000e+00	0.000000e+00	3.728100e-02
TACT	2	3.518000e-01	0.000000e+00	6.482000e-01	0.000000e+00
TACT	3	5.998620e-01	2.123600e-02	3.945600e-02	3.394470e-01
TAGA	0	9.493170e-01	1.283800e-02	7.910000e-03	2.993500e-02
TAGA	1	9.815380e-01	0.000000e+00	0.000000e+00	1.846200e-02
TAGA	2	3.508190e-01	0.000000e+00	6.491810e-01	0.000000e+00
TAGA	3	7.202100e-01	1.427800e-02	3.818400e-02	2.273280e-01
TAGC	0	9.466720e-01	5.449000e-03	1.137700e-02	3.650300e-02
TAGC	1	9.100260e-01	0.000000e+00	0.000000e+00	8.997400e-02
TAGC	2	2.635320e-01	0.000000e+00	7.364680e-01	0.000000e+00
TAGC	3	4.437430e-01	2.199800e-02	1.524380e-01	3.818210e-01
TAGG	0	8.869020e-01	1.170800e-02	5.556500e-02	4.582400e-02
TAGG	1	9.858660e-01	0.000000e+00	0.000000e+00	1.413400e-02
TAGG	2	3.047930e-01	0.000000e+00	6.952070e-01	0.000000e+00
TAGG	3	6.775470e-01	6.399200e-02	3.411600e-02	2.243450e-01
TAGT	0	9.447270e-01	7.680000e-03	1.045900e-02	3.713400e-02
TAGT	1	9.644320e-01	0.000000e+00	0.000000e+00	3.556800e-02
TAGT	2	1.671870e-01	0.000000e+00	8.328130e-01	0.000000e+00
TAGT	3	6.620380e-01	1.939500e-02	4.817600e-02	2.703910e-01
TATA	0	9.209680e-01	7.920000e-03	1.834900e-02	5.276400e-02
TATA	1	9.574180e-01	0.000000e+00	0.000000e+00	4.258200e-02
TATA	2	1.512620e-01	0.000000e+00	8.487380e-01	0.000000e+00
TATA	3	4.549540e-01	1.006590e-01	8.038300e-02	3.640040e-01
TATC	0	9.588140e-01	4.895000e-03	9.496000e-03	2.679600e-02
TATC	1	9.786850e-01	0.000000e+00	0.000000e+00	2.131500e-02
TATC	2	3.232500e-01	0.000000e+00	6.767500e-01	0.000000e+00
TATC	3	5.232870e-01	1.948500e-02	3.797700e-02	4.192510e-01
TATG	0	9.533450e-01	6.066000e-03	1.229300e-02	2.829700e-02
TATG	1	9.477090e-01	0.000000e+00	0.000000e+00	5.229100e-02
TATG	2	6.203030e-01	0.000000e+00	3.796970e-01	0.000000e+00
TATG	3	5.326870e-01	1.290780e-01	5.100700e-02	2.872280e-01
TATT	0	9.653000e-01	3.754000e-03	2.638000e-03	2.830800e-02
TATT	1	9.347830e-01	0.000000e+00	0.000000e+00	6.521700e-02
TATT	2	2.093020e-01	0.000000e+00	7.906980e-01	0.000000e+00
TATT	3	4.591250e-01	2.946800e-02	5.893500e-02	4.524710e-01
TCAA	0	9.225690e-01	8.527000e-03	1.377200e-02	5.513200e-02
TCAA	1	9.859650e-01	0.000000e+00	0.000000e+00	1.403500e-02
TCAA	2	1.211190e-01	0.000000e+00	8.788810e-01	0.000000e+00
TCAA	3	4.144300e-01	3.987400e-02	1.224270e-01	4.232690e-01
TCAC	0	9.366790e-01	7.375000e-03	2.058000e-02	3.536600e-02
TCAC	1	9.450800e-01	0.000000e+00	0.000000e+00	5.492000e-02
TCAC	2	4.742390e-01	0.000000e+00	5.257610e-01	0.000000e+00
TCAC	3	5.064080e-01	5.488000e-02	8.546300e-02	3.532480e-01
TCAG	0	9.487530e-01	7.898000e-03	1.195400e-02	3.139500e-02
TCAG	1	9.731440e-01	0.000000e+00	0.000000e+00	2.685600e-02
TCAG	2	5.909890e-01	0.000000e+00	4.090110e-01	0.000000e+00
TCAG	3	6.454180e-01	3.846700e-02	1.788500e-02	2.982290e-01
TCAT	0	9.565600e-01	6.052000e-03	6.479000e-03	3.090800e-02
TCAT	1	9.538880e-01	0.000000e+00	0.000000e+00	4.611200e-02
TCAT	2	2.137000e-01	0.000000e+00	7.863000e-01	0.000000e+00
TCAT	3	5.541620e-01	6.017000e-02	3.132900e-02	3.543400e-01
TCCA	0	9.228630e-01	1.154100e-02	1.198000e-02	5.361600e-02
TCCA	1	9.523810e-01	0.000000e+00	0.000000e+00	4.761900e-02
TCCA	2	4.281690e-01	0.000000e+00	5.718310e-01	0.000000e+00
TCCA	3	4.197080e-01	1.824800e-02	1.350360e-01	4.270070e-01
TCCC	0	9.021130e-01	2.593000e-03	2.387200e-02	7.142200e-02
TCCC	1	8.285710e-01	0.000000e+00	0.000000e+00	1.714290e-01
TCCC	2	2.269440e-01	0.000000e+00	7.730560e-01	0.000000e+00
TCCC	3	6.438060e-01	6.081000e-03	3.896400e-02	3.111490e-01
TCCG	0	9.319410e-01	1.734100e-02	6.326000e-03	4.439200e-02
TCCG	1	9.752480e-01	0.000000e+00	0.000000e+00	2.475200e-02
TCCG	2	6.486680e-01	0.000000e+00	3.513320e-01	0.000000e+00
TCCG	3	5.697330e-01	2.665200e-02	8.899200e-02	3.146220e-01
TCCT	0	9.013700e-01	1.766900e-02	1.285200e-02	6.811000e-02
TCCT	1	9.855600e-01	0.000000e+00	0.000000e+00	1.444000e-02
TCCT	2	5.664050e-01	0.000000e+00	4.335950e-01	0.000000e+00
TCCT	3	4.136410e-01	1.443200e-02	5.400400e-02	5.179240e-01
TCGA	0	9.615120e-01	9.877000e-03	5.396000e-03	2.321500e-02
TCGA	1	9.831680e-01	0.000000e+00	0.000000e+00	1.683200e-02
TCGA	2	3.971060e-01	0.000000e+00	6.028940e-01	0.000000e+00
TCGA	3	4.688590e-01	2.823900e-02	2.165500e-02	4.812470e-01
TCGC	0	9.566040e-01	5.597000e-03	9.942000e-03	2.785700e-02
TCGC	1	9.509470e-01	0.000000e+00	0.000000e+00	4.905300e-02
TCGC	2	1.640470e-01	0.000000e+00	8.359530e-01	0.000000e+00
TCGC	3	4.476240e-01	5.176600e-02	9.838900e-02	4.022210e-01
TCGG	0	8.743740e-01	7.784000e-03	7.770400e-02	4.013800e-02
TCGG	1	9.882350e-01	0.000000e+00	0.000000e+00	1.176500e-02
TCGG	2	3.656390e-01	0.000000e+00	6.343610e-01	0.000000e+00
TCGG	3	7.443730e-01	3.778100e-02	5.948600e-02	1.583600e-01
TCGT	0	9.438170e-01	7.482000e-03	9.267000e-03	3.943300e-02
TCGT	1	9.503260e-01	0.000000e+00	0.000000e+00	4.967400e-02
TCGT	2	1.248730e-01	0.000000e+00	8.751270e-01	0.000000e+00
TCGT	3	5.598590e-01	4.560900e-02	9.200900e-02	3.025230e-01
TCTA	0	9.137590e-01	1.463900e-02	1.036500e-02	6.123700e-02
TCTA	1	9.792660e-01	0.000000e+00	0.000000e+00	2.073400e-02
TCTA	2	4.348930e-01	0.000000e+00	5.651070e-01	0.000000e+00
TCTA	3	7.150780e-01	5.049200e-02	4.396000e-02	1.904700e-01
TCTC	0	9.366810e-01	9.463000e-03	2.601700e-02	2.784000e-02
TCTC	1	9.807540e-01	0.000000e+00	0.000000e+00	1.924600e-02
TCTC	2	1.688510e-01	0.000000e+00	8.311490e-01	0.000000e+00
TCTC	3	5.797540e-01	1.036200e-02	7.578800e-02	3.340960e-01
TCTG	0	9.498100e-01	9.609000e-03	4.674000e-03	3.590800e-02
TCTG	1	9.562640e-01	0.000000e+00	0.000000e+00	4.373600e-02
TCTG	2	5.013040e-01	0.000000e+00	4.986960e-01	0.000000e+00
TCTG	3	6.218000e-01	2.949800e-02	8.579600e-02	2.629060e-01
TCTT	0	9.257320e-01	3.835000e-03	3.151400e-02	3.891900e-02
TCTT	1	9.863010e-01	0.000000e+00	0.000000e+00	1.369900e-02
TCTT	2	2.606330e-01	0.000000e+00	7.393670e-01	0.000000e+00
TCTT	3	6.189620e-01	1.477000e-02	4.291400e-02	3.233530e-01
TGAA	0	9.678700e-01	4.697000e-03	4.062000e-03	2.337100e-02
TGAA	1	9.580150e-01	0.000000e+00	0.000000e+00	4.198500e-02
TGAA	2	2.210710e-01	0.000000e+00	7.789290e-01	0.000000e+00
TGAA	3	6.868740e-01	2.340800e-02	3.261500e-02	2.571040e-01
TGAC	0	9.549210e-01	9.691000e-03	5.704000e-03	2.968500e-02
TGAC	1	9.712750e-01	0.000000e+00	0.000000e+00	2.872500e-02
TGAC	2	2.598380e-01	0.000000e+00	7.401620e-01	0.000000e+00
TGAC	3	5.846120e-01	2.908700e-02	3.583500e-02	3.504660e-01
TGAG	0	9.320360e-01	1.347700e-02	2.292500e-02	3.156200e-02
TGAG	1	9.697970e-01	0.000000e+00	0.000000e+00	3.020300e-02
TGAG	2	4.799510e-01	0.000000e+00	5.200490e-01	0.000000e+00
TGAG	3	5.994800e-01	3.162400e-02	5.665700e-02	3.122390e-01
TGAT	0	9.731430e-01	4.688000e-03	4.767000e-03	1.740100e-02
TGAT	1	9.735100e-01	0.000000e+00	0.000000e+00	2.649000e-02
TGAT	2	1.922940e-01	0.000000e+00	8.077060e-01	0.000000e+00
TGAT	3	6.447790e-01	3.377500e-02	3.935900e-02	2.820870e-01
TGCA	0	9.288850e-01	9.993000e-03	1.283700e-02	4.828500e-02
TGCA	1	9.662790e-01	0.000000e+00	0.000000e+00	3.372100e-02
TGCA	2	2.974230e-01	0.000000e+00	7.025770e-01	0.000000e+00
TGCA	3	5.992110e-01	3.050500e-02	5.533300e-02	3.149510e-01
TGCC	0	9.009490e-01	1.379900e-02	2.524700e-02	6.000500e-02
TGCC	1	9.683380e-01	0.000000e+00	0.000000e+00	3.166200e-02
TGCC	2	2.523040e-01	0.000000e+00	7.476960e-01	0.000000e+00
TGCC	3	5.614820e-01	3.299300e-02	5.282800e-02	3.526970e-01
TGCG	0	9.313620e-01	1.357600e-02	1.544200e-02	3.961900e-02
TGCG	1	9.788460e-01	0.000000e+00	0.000000e+00	2.115400e-02
TGCG	2	2.082300e-01	0.000000e+00	7.917700e-01	0.000000e+00
TGCG	3	7.164200e-01	5.367100e-02	3.204700e-02	1.978620e-01
TGCT	0	9.246200e-01	8.185000e-03	1.424700e-02	5.294800e-02
TGCT	1	9.604690e-01	0.000000e+00	0.000000e+00	3.953100e-02
TGCT	2	3.325700e-01	0.000000e+00	6.674300e-01	0.000000e+00
TGCT	3	6.657270e-01	2.555100e-02	2.987900e-02	2.788430e-01
TGGA	0	9.105980e-01	7.632000e-03	2.726100e-02	5.450800e-02
TGGA	1	9.807690e-01	0.000000e+00	0.000000e+00	1.923100e-02
TGGA	2	6.801930e-01	0.000000e+00	3.198070e-01	0.000000e+00
TGGA	3	5.360590e-01	1.886800e-02	5.088000e-02	3.941930e-01
TGGC	0	9.520030e-01	1.159200e-02	4.373000e-03	3.203200e-02
TGGC	1	8.595510e-01	0.000000e+00	0.000000e+00	1.404490e-01
TGGC	2	1.645490e-01	0.000000e+00	8.354510e-01	0.000000e+00
TGGC	3	3.907100e-01	2.094700e-02	7.468100e-02	5.136610e-01
TGGG	0	8.944510e-01	6.131000e-03	5.139200e-02	4.802600e-02
TGGG	1	9.923080e-01	0.000000e+00	0.000000e+00	7.692000e-03
TGGG	2	1.795920e-01	0.000000e+00	8.204080e-01	0.000000e+00
TGGG	3	6.696580e-01	3.376100e-02	4.102600e-02	2.555560e-01
TGGT	0	9.571580e-01	4.590000e-03	4.809000e-03	3.344300e-02
TGGT	1	9.655170e-01	0.000000e+00	0.000000e+00	3.448300e-02
TGGT	2	2.706770e-01	0.000000e+00	7.293230e-01	0.000000e+00
TGGT	3	6.037740e-01	2.515700e-02	6.289300e-02	3.081760e-01
TGTA	0	9.316880e-01	9.442000e-03	1.050700e-02	4.836300e-02
TGTA	1	9.666670e-01	0.000000e+00	0.000000e+00	3.333300e-02
TGTA	2	5.137120e-01	0.000000e+00	4.862880e-01	0.000000e+00
TGTA	3	5.550190e-01	6.582700e-02	6.981500e-02	3.093400e-01
TGTC	0	9.459850e-01	7.602000e-03	9.002000e-03	3.741200e-02
TGTC	1	9.652640e-01	0.000000e+00	0.000000e+00	3.473500e-02
TGTC	2	3.568930e-01	0.000000e+00	6.431070e-01	0.000000e+00
TGTC	3	5.878040e-01	2.681000e-02	4.419500e-02	3.411920e-01
TGTG	0	9.168280e-01	8.320000e-03	3.816200e-02	3.669000e-02
TGTG	1	9.396610e-01	0.000000e+00	0.000000e+00	6.033900e-02
TGTG	2	2.406590e-01	0.000000e+00	7.593410e-01	0.000000e+00
TGTG	3	5.748100e-01	5.662800e-02	8.990800e-02	2.786530e-01
TGTT	0	9.460660e-01	5.563000e-03	1.112600e-02	3.724500e-02
TGTT	1	9.529410e-01	0.000000e+00	0.000000e+00	4.705900e-02
TGTT	2	1.403290e-01	0.000000e+00	8.596710e-01	0.000000e+00
TGTT	3	6.229990e-01	2.037800e-02	4.239400e-02	3.142290e-01
TTAA	0	9.623570e-01	2.679000e-03	2.961000e-03	3.200300e-02
TTAA	1	9.250000e-01	0.000000e+00	0.000000e+00	7.500000e-02
TTAA	2	6.963200e-02	0.000000e+00	9.303680e-01	0.000000e+00
TTAA	3	4.776420e-01	4.268300e-02	4.065000e-02	4.390240e-01
TTAC	0	9.471520e-01	3.546000e-03	1.441300e-02	3.488900e-02
TTAC	1	9.531250e-01	0.000000e+00	0.000000e+00	4.687500e-02
TTAC	2	1.931820e-01	0.000000e+00	8.068180e-01	0.000000e+00
TTAC	3	5.653480e-01	3.477200e-02	9.712200e-02	3.027580e-01
TTAG	0	9.530780e-01	8.577000e-03	9.082000e-03	2.926300e-02
TTAG	1	9.180330e-01	0.000000e+00	0.000000e+00	8.196700e-02
TTAG	2	3.151220e-01	0.000000e+00	6.848780e-01	0.000000e+00
TTAG	3	6.737550e-01	3.008300e-02	1.711600e-02	2.790460e-01
TTAT	0	9.535120e-01	4.752000e-03	6.095000e-03	3.564000e-02
TTAT	1	9.622640e-01	0.000000e+00	0.000000e+00	3.773600e-02
TTAT	2	7.191000e-02	0.000000e+00	9.280900e-01	0.000000e+00
TTAT	3	4.818650e-01	5.051800e-02	4.145100e-02	4.261660e-01
TTCA	0	8.862590e-01	1.819200e-02	2.002000e-02	7.552800e-02
TTCA	1	9.684120e-01	0.000000e+00	0.000000e+00	3.158800e-02
TTCA	2	3.315520e-01	0.000000e+00	6.684480e-01	0.000000e+00
TTCA	3	5.629460e-01	2.592300e-02	5.047300e-02	3.606590e-01
TTCC	0	9.062480e-01	5.899000e-03	2.987500e-02	5.797700e-02
TTCC	1	9.900000e-01	0.000000e+00	0.000000e+00	1.000000e-02
TTCC	2	2.070310e-01	0.000000e+00	7.929690e-01	0.000000e+00
TTCC	3	7.018350e-01	3.019900e-02	1.643700e-02	2.515290e-01
TTCG	0	9.218540e-01	2.233500e-02	7.557000e-03	4.825400e-02
TTCG	1	9.779710e-01	0.000000e+00	0.000000e+00	2.202900e-02
TTCG	2	6.739520e-01	0.000000e+00	3.260480e-01	0.000000e+00
TTCG	3	7.194610e-01	3.028300e-02	2.146500e-02	2.287910e-01
TTCT	0	9.301880e-01	8.585000e-03	1.607200e-02	4.515600e-02
TTCT	1	9.680850e-01	0.000000e+00	0.000000e+00	3.191500e-02
TTCT	2	1.538460e-01	0.000000e+00	8.461540e-01	0.000000e+00
TTCT	3	4.222290e-01	2.988300e-02	2.300200e-02	5.248870e-01
TTGA	0	9.514620e-01	7.108000e-03	4.468000e-03	3.696200e-02
TTGA	1	9.714290e-01	0.000000e+00	0.000000e+00	2.857100e-02
TTGA	2	1.341460e-01	0.000000e+00	8.658540e-01	0.000000e+00
TTGA	3	4.744900e-01	0.000000e+00	5.102000e-02	4.744900e-01
TTGC	0	9.311810e-01	4.290000e-03	1.104300e-02	5.348600e-02
TTGC	1	9.021740e-01	0.000000e+00	0.000000e+00	9.782600e-02
TTGC	2	1.516250e-01	0.000000e+00	8.483750e-01	0.000000e+00
TTGC	3	4.764450e-01	2.730200e-02	5.281900e-02	4.434330e-01
TTGG	0	9.154400e-01	6.541000e-03	3.714100e-02	4.087800e-02
TTGG	1	1.000000e+00	0.000000e+00	0.000000e+00	0.000000e+00
TTGG	2	7.196400e-02	0.000000e+00	9.280360e-01	0.000000e+00
TTGG	3	5.924170e-01	9.479000e-03	2.843600e-02	3.696680e-01
TTGT	0	9.179360e-01	4.197000e-03	6.515000e-03	7.135200e-02
TTGT	1	9.607840e-01	0.000000e+00	0.000000e+00	3.921600e-02
TTGT	2	1.392410e-01	0.000000e+00	8.607590e-01	0.000000e+00
TTGT	3	5.790700e-01	6.333700e-02	3.775900e-02	3.198340e-01
TTTA	0	9.158970e-01	3.054400e-02	8.710000e-03	4.484800e-02
TTTA	1	9.910710e-01	0.000000e+00	0.000000e+00	8.929000e-03
TTTA	2	4.197110e-01	0.000000e+00	5.802890e-01	0.000000e+00
TTTA	3	4.809660e-01	4.561300e-02	9.354700e-02	3.798750e-01
TTTC	0	9.004550e-01	5.055100e-02	9.583000e-03	3.941100e-02
TTTC	1	9.839360e-01	0.000000e+00	0.000000e+00	1.606400e-02
TTTC	2	7.956170e-01	0.000000e+00	2.043830e-01	0.000000e+00
TTTC	3	5.509380e-01	6.702000e-03	9.383400e-02	3.485250e-01
TTTG	0	9.033210e-01	3.497100e-02	7.478000e-03	5.423000e-02
TTTG	1	9.733070e-01	0.000000e+00	0.000000e+00	2.669300e-02
TTTG	2	7.793940e-01	0.000000e+00	2.206060e-01	0.000000e+00
TTTG	3	4.947710e-01	3.782200e-02	6.883400e-02	3.985720e-01
TTTT	0	8.423550e-01	4.419000e-03	9.213300e-02	6.109300e-02
TTTT	1	9.435030e-01	0.000000e+00	0.000000e+00	5.649700e-02
TTTT	2	1.971100e-02	0.000000e+00	9.802890e-01	0.000000e+00
TTTT	3	5.681890e-01	1.160600e-02	8.020600e-02	3.399990e-01
