6 1152
002022
002023
002032
002033
002122
002123
002132
002133
003022
003023
003032
003033
003122
003123
003132
003133
012022
012023
012032
012033
012122
012123
012132
012133
013022
013023
013032
013033
013122
013123
013132
013133
102022
102023
102032
102033
102122
102123
102132
102133
103022
103023
103032
103033
103122
103123
103132
103133
112022
112023
112032
112033
112122
112123
112132
112133
113022
113023
113032
113033
113122
113123
113132
113133
002202
002203
002212
002213
002302
002303
002312
002313
003202
003203
003212
003213
003302
003303
003312
003313
012202
012203
012212
012213
012302
012303
012312
012313
013202
013203
013212
013213
013302
013303
013312
013313
102202
102203
102212
102213
102302
102303
102312
102313
103202
103203
103212
103213
103302
103303
103312
103313
112202
112203
112212
112213
112302
112303
112312
112313
113202
113203
113212
113213
113302
113303
113312
113313
002220
002221
002230
002231
002320
002321
002330
002331
003220
003221
003230
003231
003320
003321
003330
003331
012220
012221
012230
012231
012320
012321
012330
012331
013220
013221
013230
013231
013320
013321
013330
013331
102220
102221
102230
102231
102320
102321
102330
102331
103220
103221
103230
103231
103320
103321
103330
103331
112220
112221
112230
112231
112320
112321
112330
112331
113220
113221
113230
113231
113320
113321
113330
113331
020022
020023
020032
020033
020122
020123
020132
020133
021022
021023
021032
021033
021122
021123
021132
021133
030022
030023
030032
030033
030122
030123
030132
030133
031022
031023
031032
031033
031122
031123
031132
031133
120022
120023
120032
120033
120122
120123
120132
120133
121022
121023
121032
121033
121122
121123
121132
121133
130022
130023
130032
130033
130122
130123
130132
130133
131022
131023
131032
131033
131122
131123
131132
131133
020202
020203
020212
020213
020302
020303
020312
020313
021202
021203
021212
021213
021302
021303
021312
021313
030202
030203
030212
030213
030302
030303
030312
030313
031202
031203
031212
031213
031302
031303
031312
031313
120202
120203
120212
120213
120302
120303
120312
120313
121202
121203
121212
121213
121302
121303
121312
121313
130202
130203
130212
130213
130302
130303
130312
130313
131202
131203
131212
131213
131302
131303
131312
131313
020220
020221
020230
020231
020320
020321
020330
020331
021220
021221
021230
021231
021320
021321
021330
021331
030220
030221
030230
030231
030320
030321
030330
030331
031220
031221
031230
031231
031320
031321
031330
031331
120220
120221
120230
120231
120320
120321
120330
120331
121220
121221
121230
121231
121320
121321
121330
121331
130220
130221
130230
130231
130320
130321
130330
130331
131220
131221
131230
131231
131320
131321
131330
131331
022002
022003
022012
022013
022102
022103
022112
022113
023002
023003
023012
023013
023102
023103
023112
023113
032002
032003
032012
032013
032102
032103
032112
032113
033002
033003
033012
033013
033102
033103
033112
033113
122002
122003
122012
122013
122102
122103
122112
122113
123002
123003
123012
123013
123102
123103
123112
123113
132002
132003
132012
132013
132102
132103
132112
132113
133002
133003
133012
133013
133102
133103
133112
133113
022020
022021
022030
022031
022120
022121
022130
022131
023020
023021
023030
023031
023120
023121
023130
023131
032020
032021
032030
032031
032120
032121
032130
032131
033020
033021
033030
033031
033120
033121
033130
033131
122020
122021
122030
122031
122120
122121
122130
122131
123020
123021
123030
123031
123120
123121
123130
123131
132020
132021
132030
132031
132120
132121
132130
132131
133020
133021
133030
133031
133120
133121
133130
133131
022200
022201
022210
022211
022300
022301
022310
022311
023200
023201
023210
023211
023300
023301
023310
023311
032200
032201
032210
032211
032300
032301
032310
032311
033200
033201
033210
033211
033300
033301
033310
033311
122200
122201
122210
122211
122300
122301
122310
122311
123200
123201
123210
123211
123300
123301
123310
123311
132200
132201
132210
132211
132300
132301
132310
132311
133200
133201
133210
133211
133300
133301
133310
133311
200022
200023
200032
200033
200122
200123
200132
200133
201022
201023
201032
201033
201122
201123
201132
201133
210022
210023
210032
210033
210122
210123
210132
210133
211022
211023
211032
211033
211122
211123
211132
211133
300022
300023
300032
300033
300122
300123
300132
300133
301022
301023
301032
301033
301122
301123
301132
301133
310022
310023
310032
310033
310122
310123
310132
310133
311022
311023
311032
311033
311122
311123
311132
311133
200202
200203
200212
200213
200302
200303
200312
200313
201202
201203
201212
201213
201302
201303
201312
201313
210202
210203
210212
210213
210302
210303
210312
210313
211202
211203
211212
211213
211302
211303
211312
211313
300202
300203
300212
300213
300302
300303
300312
300313
301202
301203
301212
301213
301302
301303
301312
301313
310202
310203
310212
310213
310302
310303
310312
310313
311202
311203
311212
311213
311302
311303
311312
311313
200220
200221
200230
200231
200320
200321
200330
200331
201220
201221
201230
201231
201320
201321
201330
201331
210220
210221
210230
210231
210320
210321
210330
210331
211220
211221
211230
211231
211320
211321
211330
211331
300220
300221
300230
300231
300320
300321
300330
300331
301220
301221
301230
301231
301320
301321
301330
301331
310220
310221
310230
310231
310320
310321
310330
310331
311220
311221
311230
311231
311320
311321
311330
311331
202002
202003
202012
202013
202102
202103
202112
202113
203002
203003
203012
203013
203102
203103
203112
203113
212002
212003
212012
212013
212102
212103
212112
212113
213002
213003
213012
213013
213102
213103
213112
213113
302002
302003
302012
302013
302102
302103
302112
302113
303002
303003
303012
303013
303102
303103
303112
303113
312002
312003
312012
312013
312102
312103
312112
312113
313002
313003
313012
313013
313102
313103
313112
313113
202020
202021
202030
202031
202120
202121
202130
202131
203020
203021
203030
203031
203120
203121
203130
203131
212020
212021
212030
212031
212120
212121
212130
212131
213020
213021
213030
213031
213120
213121
213130
213131
302020
302021
302030
302031
302120
302121
302130
302131
303020
303021
303030
303031
303120
303121
303130
303131
312020
312021
312030
312031
312120
312121
312130
312131
313020
313021
313030
313031
313120
313121
313130
313131
202200
202201
202210
202211
202300
202301
202310
202311
203200
203201
203210
203211
203300
203301
203310
203311
212200
212201
212210
212211
212300
212301
212310
212311
213200
213201
213210
213211
213300
213301
213310
213311
302200
302201
302210
302211
302300
302301
302310
302311
303200
303201
303210
303211
303300
303301
303310
303311
312200
312201
312210
312211
312300
312301
312310
312311
313200
313201
313210
313211
313300
313301
313310
313311
220002
220003
220012
220013
220102
220103
220112
220113
221002
221003
221012
221013
221102
221103
221112
221113
230002
230003
230012
230013
230102
230103
230112
230113
231002
231003
231012
231013
231102
231103
231112
231113
320002
320003
320012
320013
320102
320103
320112
320113
321002
321003
321012
321013
321102
321103
321112
321113
330002
330003
330012
330013
330102
330103
330112
330113
331002
331003
331012
331013
331102
331103
331112
331113
220020
220021
220030
220031
220120
220121
220130
220131
221020
221021
221030
221031
221120
221121
221130
221131
230020
230021
230030
230031
230120
230121
230130
230131
231020
231021
231030
231031
231120
231121
231130
231131
320020
320021
320030
320031
320120
320121
320130
320131
321020
321021
321030
321031
321120
321121
321130
321131
330020
330021
330030
330031
330120
330121
330130
330131
331020
331021
331030
331031
331120
331121
331130
331131
220200
220201
220210
220211
220300
220301
220310
220311
221200
221201
221210
221211
221300
221301
221310
221311
230200
230201
230210
230211
230300
230301
230310
230311
231200
231201
231210
231211
231300
231301
231310
231311
320200
320201
320210
320211
320300
320301
320310
320311
321200
321201
321210
321211
321300
321301
321310
321311
330200
330201
330210
330211
330300
330301
330310
330311
331200
331201
331210
331211
331300
331301
331310
331311

